[  200578.223072] 0003 0039 0000cf9d
[  200578.223072] 0001 014a 00000001
[  200578.223072] 0001 0145 00000001
[  200578.223072] 0003 0035 00000c7e
[  200578.223072] 0003 0036 00000c15
[  200578.223072] 0003 0030 00000008
[  200578.223072] 0003 0031 00000008
[  200578.223072] 0000 0000 00000000
[  200578.237011] 0005 0020 00000001
[  200578.237011] 0003 0035 00000c7d
[  200578.237011] 0003 0036 00000c14
[  200578.237011] 0003 0030 00000007
[  200578.237011] 0003 0031 00000007
[  200578.237011] 0000 0000 00000000
[  200578.245147] 0003 0035 00000c7a
[  200578.245147] 0003 0036 00000c12
[  200578.245147] 0000 0000 00000000
[  200578.253681] 0003 0035 00000c77
[  200578.253681] 0003 0036 00000c10
[  200578.253681] 0003 0030 00000008
[  200578.253681] 0003 0031 00000008
[  200578.253681] 0000 0000 00000000
[  200578.261999] 0005 0020 00000000
[  200578.261999] 0003 0035 00000c73
[  200578.261999] 0003 0036 00000c0c
[  200578.261999] 0000 0000 00000000
[  200578.270342] 0003 0035 00000c70
[  200578.270342] 0003 0036 00000c07
[  200578.270342] 0003 0030 00000007
[  200578.270342] 0003 0031 00000007
[  200578.270342] 0000 0000 00000000
[  200578.278474] 0003 0035 00000c6c
[  200578.278474] 0003 0036 00000c01
[  200578.278474] 0000 0000 00000000
[  200578.287007] 0003 0035 00000c5e
[  200578.287007] 0003 0036 00000be6
[  200578.287007] 0000 0000 00000000
[  200578.295167] 0003 0035 00000c4d
[  200578.295167] 0003 0036 00000bcd
[  200578.295167] 0003 0030 00000008
[  200578.295167] 0003 0031 00000008
[  200578.295167] 0000 0000 00000000
[  200578.303700] 0003 0035 00000c3c
[  200578.303700] 0003 0036 00000bb4
[  200578.303700] 0000 0000 00000000
[  200578.311829] 0003 0035 00000c2f
[  200578.311829] 0003 0036 00000b98
[  200578.311829] 0003 0030 00000007
[  200578.311829] 0003 0031 00000007
[  200578.311829] 0000 0000 00000000
[  200578.320658] 0003 0035 00000c1f
[  200578.320658] 0003 0036 00000b75
[  200578.320658] 0003 0030 00000008
[  200578.320658] 0003 0031 00000008
[  200578.320658] 0000 0000 00000000
[  200578.328474] 0003 0035 00000c12
[  200578.328474] 0003 0036 00000b51
[  200578.328474] 0003 0030 00000009
[  200578.328474] 0003 0031 00000009
[  200578.328474] 0000 0000 00000000
[  200578.337057] 0003 0035 00000c0c
[  200578.337057] 0003 0036 00000b2c
[  200578.337057] 0003 0030 00000008
[  200578.337057] 0003 0031 00000008
[  200578.337057] 0000 0000 00000000
[  200578.345185] 0003 0035 00000c06
[  200578.345185] 0003 0036 00000b03
[  200578.345185] 0000 0000 00000000
[  200578.353735] 0003 0035 00000bfe
[  200578.353735] 0003 0036 00000adf
[  200578.353735] 0000 0000 00000000
[  200578.361809] 0003 0035 00000bf7
[  200578.361809] 0003 0036 00000ac1
[  200578.361809] 0000 0000 00000000
[  200578.370485] 0003 0035 00000bfb
[  200578.370485] 0003 0036 00000aa0
[  200578.370485] 0000 0000 00000000
[  200578.378516] 0003 0036 00000a7f
[  200578.378516] 0000 0000 00000000
[  200578.387078] 0003 0036 00000a5f
[  200578.387078] 0000 0000 00000000
[  200578.395174] 0003 0035 00000c02
[  200578.395174] 0003 0036 00000a41
[  200578.395174] 0003 0030 00000009
[  200578.395174] 0003 0031 00000009
[  200578.395174] 0000 0000 00000000
[  200578.403773] 0003 0035 00000c05
[  200578.403773] 0003 0036 00000a20
[  200578.403773] 0000 0000 00000000
[  200578.411846] 0003 0035 00000c0b
[  200578.411846] 0003 0036 000009fd
[  200578.411846] 0000 0000 00000000
[  200578.420609] 0003 0035 00000c19
[  200578.420609] 0003 0036 000009dd
[  200578.420609] 0000 0000 00000000
[  200578.428519] 0003 0035 00000c22
[  200578.428519] 0003 0036 000009c0
[  200578.428519] 0003 0030 0000000a
[  200578.428519] 0003 0031 0000000a
[  200578.428519] 0000 0000 00000000
[  200578.437077] 0003 0035 00000c33
[  200578.437077] 0003 0036 000009a2
[  200578.437077] 0003 0030 00000009
[  200578.437077] 0003 0031 00000009
[  200578.437077] 0000 0000 00000000
[  200578.445261] 0003 0035 00000c43
[  200578.445261] 0003 0036 00000981
[  200578.445261] 0003 0030 0000000a
[  200578.445261] 0003 0031 0000000a
[  200578.445261] 0000 0000 00000000
[  200578.453703] 0003 0035 00000c4d
[  200578.453703] 0003 0036 0000095e
[  200578.453703] 0000 0000 00000000
[  200578.461890] 0003 0035 00000c5b
[  200578.461890] 0003 0036 00000940
[  200578.461890] 0000 0000 00000000
[  200578.470546] 0003 0035 00000c73
[  200578.470546] 0003 0036 0000091d
[  200578.470546] 0000 0000 00000000
[  200578.478517] 0003 0035 00000c8b
[  200578.478517] 0003 0036 000008f5
[  200578.478517] 0003 0030 00000009
[  200578.478517] 0003 0031 00000009
[  200578.478517] 0000 0000 00000000
[  200578.487102] 0003 0035 00000ca6
[  200578.487102] 0003 0036 000008d0
[  200578.487102] 0000 0000 00000000
[  200578.495241] 0003 0035 00000ccc
[  200578.495241] 0003 0036 000008aa
[  200578.495241] 0003 0030 0000000a
[  200578.495241] 0003 0031 0000000a
[  200578.495241] 0000 0000 00000000
[  200578.503793] 0003 0035 00000d01
[  200578.503793] 0003 0036 00000879
[  200578.503793] 0000 0000 00000000
[  200578.511940] 0003 0035 00000d3c
[  200578.511940] 0003 0036 0000084e
[  200578.511940] 0003 0030 0000000b
[  200578.511940] 0003 0031 0000000b
[  200578.511940] 0000 0000 00000000
[  200578.520724] 0003 0035 00000d7f
[  200578.520724] 0003 0036 00000823
[  200578.520724] 0003 0030 0000000a
[  200578.520724] 0003 0031 0000000a
[  200578.520724] 0000 0000 00000000
[  200578.528588] 0003 0035 00000de4
[  200578.528588] 0003 0036 000007e3
[  200578.528588] 0000 0000 00000000
[  200578.537818] 0003 0039 ffffffff
[  200578.537818] 0001 014a 00000000
[  200578.537818] 0001 0145 00000000
[  200578.537818] 0000 0000 00000000
[  200579.037865] 0003 0039 0000cf9e
[  200579.037865] 0001 014a 00000001
[  200579.037865] 0001 0145 00000001
[  200579.037865] 0003 0035 00000d6f
[  200579.037865] 0003 0036 00000bfe
[  200579.037865] 0003 0030 00000008
[  200579.037865] 0003 0031 00000008
[  200579.037865] 0000 0000 00000000
[  200579.045593] 0003 0035 00000d72
[  200579.045593] 0000 0000 00000000
[  200579.054074] 0003 0035 00000d75
[  200579.054074] 0000 0000 00000000
[  200579.062197] 0003 0035 00000d74
[  200579.062197] 0003 0036 00000bfc
[  200579.062197] 0003 0030 00000006
[  200579.062197] 0003 0031 00000006
[  200579.062197] 0000 0000 00000000
[  200579.070816] 0003 0035 00000d73
[  200579.070816] 0003 0036 00000bf9
[  200579.070816] 0003 0030 00000007
[  200579.070816] 0003 0031 00000007
[  200579.070816] 0000 0000 00000000
[  200579.078863] 0003 0035 00000d70
[  200579.078863] 0003 0036 00000bf3
[  200579.078863] 0003 0030 00000008
[  200579.078863] 0003 0031 00000008
[  200579.078863] 0000 0000 00000000
[  200579.087436] 0003 0035 00000d6c
[  200579.087436] 0003 0036 00000bea
[  200579.087436] 0000 0000 00000000
[  200579.095533] 0003 0035 00000d55
[  200579.095533] 0003 0036 00000bb9
[  200579.095533] 0003 0030 00000007
[  200579.095533] 0003 0031 00000007
[  200579.095533] 0000 0000 00000000
[  200579.104130] 0003 0035 00000d3c
[  200579.104130] 0003 0036 00000b82
[  200579.104130] 0000 0000 00000000
[  200579.112202] 0003 0035 00000d26
[  200579.112202] 0003 0036 00000b44
[  200579.112202] 0000 0000 00000000
[  200579.120895] 0003 0035 00000d0e
[  200579.120895] 0003 0036 00000b03
[  200579.120895] 0000 0000 00000000
[  200579.128928] 0003 0035 00000cf7
[  200579.128928] 0003 0036 00000ac8
[  200579.128928] 0000 0000 00000000
[  200579.137505] 0003 0035 00000cec
[  200579.137505] 0003 0036 00000a95
[  200579.137505] 0000 0000 00000000
[  200579.145593] 0003 0035 00000ce1
[  200579.145593] 0003 0036 00000a67
[  200579.145593] 0003 0030 00000008
[  200579.145593] 0003 0031 00000008
[  200579.145593] 0000 0000 00000000
[  200579.154176] 0003 0035 00000cd8
[  200579.154176] 0003 0036 00000a3e
[  200579.154176] 0000 0000 00000000
[  200579.162232] 0003 0035 00000cd0
[  200579.162232] 0003 0036 00000a12
[  200579.162232] 0000 0000 00000000
[  200579.170869] 0003 0035 00000cca
[  200579.170869] 0003 0036 000009e9
[  200579.170869] 0000 0000 00000000
[  200579.178960] 0003 0036 000009c3
[  200579.178960] 0000 0000 00000000
[  200579.187531] 0003 0035 00000ccc
[  200579.187531] 0003 0036 00000998
[  200579.187531] 0000 0000 00000000
[  200579.195614] 0003 0035 00000cca
[  200579.195614] 0003 0036 00000974
[  200579.195614] 0000 0000 00000000
[  200579.204217] 0003 0035 00000cd6
[  200579.204217] 0003 0036 00000950
[  200579.204217] 0000 0000 00000000
[  200579.212291] 0003 0035 00000ce4
[  200579.212291] 0003 0036 0000092b
[  200579.212291] 0000 0000 00000000
[  200579.220894] 0003 0035 00000cf0
[  200579.220894] 0003 0036 00000901
[  200579.220894] 0003 0030 00000009
[  200579.220894] 0003 0031 00000009
[  200579.220894] 0000 0000 00000000
[  200579.228974] 0003 0035 00000d07
[  200579.228974] 0003 0036 000008d5
[  200579.228974] 0000 0000 00000000
[  200579.237525] 0003 0035 00000d27
[  200579.237525] 0003 0036 00000898
[  200579.237525] 0000 0000 00000000
[  200579.246297] 0003 0039 ffffffff
[  200579.246297] 0001 014a 00000000
[  200579.246297] 0001 0145 00000000
[  200579.246297] 0000 0000 00000000
[  200579.628640] 0003 0039 0000cf9f
[  200579.628640] 0001 014a 00000001
[  200579.628640] 0001 0145 00000001
[  200579.628640] 0003 0035 00000de5
[  200579.628640] 0003 0036 00000bcf
[  200579.628640] 0003 0030 00000007
[  200579.628640] 0003 0031 00000007
[  200579.628640] 0000 0000 00000000
[  200579.637824] 0005 0020 00000001
[  200579.637824] 0003 0035 00000de8
[  200579.637824] 0003 0036 00000bce
[  200579.637824] 0003 0030 00000008
[  200579.637824] 0003 0031 00000008
[  200579.637824] 0000 0000 00000000
[  200579.645909] 0003 0035 00000ded
[  200579.645909] 0003 0036 00000bcf
[  200579.645909] 0000 0000 00000000
[  200579.654532] 0003 0035 00000df1
[  200579.654532] 0000 0000 00000000
[  200579.662596] 0003 0035 00000df6
[  200579.662596] 0000 0000 00000000
[  200579.671204] 0003 0035 00000df7
[  200579.671204] 0003 0036 00000bce
[  200579.671204] 0000 0000 00000000
[  200579.679219] 0003 0035 00000df8
[  200579.679219] 0003 0036 00000bcd
[  200579.679219] 0000 0000 00000000
[  200579.687855] 0003 0035 00000df9
[  200579.687855] 0003 0036 00000bc9
[  200579.687855] 0000 0000 00000000
[  200579.696112] 0005 0020 00000000
[  200579.696112] 0003 0035 00000df8
[  200579.696112] 0003 0036 00000bc4
[  200579.696112] 0003 0030 00000009
[  200579.696112] 0003 0031 00000009
[  200579.696112] 0000 0000 00000000
[  200579.704465] 0003 0035 00000df6
[  200579.704465] 0003 0036 00000bbc
[  200579.704465] 0003 0030 00000008
[  200579.704465] 0003 0031 00000008
[  200579.704465] 0000 0000 00000000
[  200579.712636] 0003 0035 00000dea
[  200579.712636] 0003 0036 00000b95
[  200579.712636] 0000 0000 00000000
[  200579.721196] 0003 0035 00000de0
[  200579.721196] 0003 0036 00000b6d
[  200579.721196] 0000 0000 00000000
[  200579.729338] 0003 0035 00000dda
[  200579.729338] 0003 0036 00000b47
[  200579.729338] 0000 0000 00000000
[  200579.737870] 0003 0035 00000dd1
[  200579.737870] 0003 0036 00000b20
[  200579.737870] 0003 0030 00000009
[  200579.737870] 0003 0031 00000009
[  200579.737870] 0000 0000 00000000
[  200579.746000] 0003 0035 00000dc2
[  200579.746000] 0003 0036 00000b01
[  200579.746000] 0003 0030 00000008
[  200579.746000] 0003 0031 00000008
[  200579.746000] 0000 0000 00000000
[  200579.754504] 0003 0035 00000dc3
[  200579.754504] 0003 0036 00000ae3
[  200579.754504] 0000 0000 00000000
[  200579.762589] 0003 0035 00000dbf
[  200579.762589] 0003 0036 00000acb
[  200579.762589] 0003 0030 00000009
[  200579.762589] 0003 0031 00000009
[  200579.762589] 0000 0000 00000000
[  200579.771423] 0003 0035 00000dbd
[  200579.771423] 0003 0036 00000ab4
[  200579.771423] 0003 0030 00000008
[  200579.771423] 0003 0031 00000008
[  200579.771423] 0000 0000 00000000
[  200579.779317] 0003 0035 00000dc0
[  200579.779317] 0003 0036 00000a9c
[  200579.779317] 0000 0000 00000000
[  200579.787789] 0003 0035 00000dc7
[  200579.787789] 0003 0036 00000a84
[  200579.787789] 0000 0000 00000000
[  200579.796025] 0003 0036 00000a6e
[  200579.796025] 0000 0000 00000000
[  200579.804513] 0003 0035 00000dca
[  200579.804513] 0003 0036 00000a57
[  200579.804513] 0000 0000 00000000
[  200579.812622] 0003 0035 00000dc9
[  200579.812622] 0003 0036 00000a40
[  200579.812622] 0000 0000 00000000
[  200579.821208] 0003 0035 00000dca
[  200579.821208] 0003 0036 00000a2a
[  200579.821208] 0000 0000 00000000
[  200579.829306] 0003 0035 00000dce
[  200579.829306] 0003 0036 00000a15
[  200579.829306] 0003 0030 00000009
[  200579.829306] 0003 0031 00000009
[  200579.829306] 0000 0000 00000000
[  200579.837839] 0003 0035 00000dcd
[  200579.837839] 0003 0036 000009fd
[  200579.837839] 0000 0000 00000000
[  200579.845933] 0003 0035 00000dd9
[  200579.845933] 0003 0036 000009e6
[  200579.845933] 0003 0030 00000008
[  200579.845933] 0003 0031 00000008
[  200579.845933] 0000 0000 00000000
[  200579.854567] 0003 0035 00000ddb
[  200579.854567] 0003 0036 000009d2
[  200579.854567] 0000 0000 00000000
[  200579.862678] 0003 0035 00000de0
[  200579.862678] 0003 0036 000009c2
[  200579.862678] 0003 0030 00000009
[  200579.862678] 0003 0031 00000009
[  200579.862678] 0000 0000 00000000
[  200579.871218] 0003 0035 00000de5
[  200579.871218] 0003 0036 000009b5
[  200579.871218] 0003 0030 00000008
[  200579.871218] 0003 0031 00000008
[  200579.871218] 0000 0000 00000000
[  200579.879347] 0003 0035 00000dee
[  200579.879347] 0003 0036 000009ab
[  200579.879347] 0003 0030 00000009
[  200579.879347] 0003 0031 00000009
[  200579.879347] 0000 0000 00000000
[  200579.887880] 0003 0035 00000df6
[  200579.887880] 0003 0036 000009a1
[  200579.887880] 0000 0000 00000000
[  200579.896041] 0003 0035 00000dfc
[  200579.896041] 0003 0036 00000997
[  200579.896041] 0000 0000 00000000
[  200579.904591] 0003 0035 00000e04
[  200579.904591] 0003 0036 0000098d
[  200579.904591] 0000 0000 00000000
[  200579.912679] 0003 0035 00000e09
[  200579.912679] 0003 0036 00000981
[  200579.912679] 0003 0030 00000008
[  200579.912679] 0003 0031 00000008
[  200579.912679] 0000 0000 00000000
[  200579.921338] 0003 0035 00000e10
[  200579.921338] 0003 0036 00000979
[  200579.921338] 0000 0000 00000000
[  200579.929367] 0003 0035 00000e17
[  200579.929367] 0003 0036 0000096f
[  200579.929367] 0000 0000 00000000
[  200579.937982] 0003 0035 00000e1d
[  200579.937982] 0003 0036 00000967
[  200579.937982] 0000 0000 00000000
[  200579.946051] 0003 0035 00000e25
[  200579.946051] 0003 0036 0000095d
[  200579.946051] 0000 0000 00000000
[  200579.954601] 0003 0035 00000e30
[  200579.954601] 0003 0036 00000953
[  200579.954601] 0000 0000 00000000
[  200579.962708] 0003 0035 00000e34
[  200579.962708] 0003 0036 0000094c
[  200579.962708] 0003 0030 00000009
[  200579.962708] 0003 0031 00000009
[  200579.962708] 0000 0000 00000000
[  200579.971296] 0003 0035 00000e3c
[  200579.971296] 0003 0036 00000943
[  200579.971296] 0000 0000 00000000
[  200579.979379] 0003 0035 00000e42
[  200579.979379] 0003 0036 0000093c
[  200579.979379] 0000 0000 00000000
[  200579.987943] 0003 0035 00000e40
[  200579.987943] 0003 0036 00000937
[  200579.987943] 0003 0030 00000008
[  200579.987943] 0003 0031 00000008
[  200579.987943] 0000 0000 00000000
[  200579.996124] 0003 0035 00000e44
[  200579.996124] 0003 0036 00000930
[  200579.996124] 0003 0030 00000009
[  200579.996124] 0003 0031 00000009
[  200579.996124] 0000 0000 00000000
[  200580.004668] 0003 0035 00000e48
[  200580.004668] 0003 0036 0000092b
[  200580.004668] 0000 0000 00000000
[  200580.012737] 0003 0035 00000e4c
[  200580.012737] 0003 0036 00000927
[  200580.012737] 0000 0000 00000000
[  200580.021318] 0003 0035 00000e4b
[  200580.021318] 0003 0036 00000924
[  200580.021318] 0000 0000 00000000
[  200580.029477] 0003 0035 00000e4e
[  200580.029477] 0003 0036 00000922
[  200580.029477] 0000 0000 00000000
[  200580.037976] 0003 0036 0000091f
[  200580.037976] 0000 0000 00000000
[  200580.046111] 0003 0036 0000091d
[  200580.046111] 0000 0000 00000000
[  200580.054711] 0003 0035 00000e4f
[  200580.054711] 0003 0036 0000091b
[  200580.054711] 0000 0000 00000000
[  200580.062803] 0003 0035 00000e50
[  200580.062803] 0003 0036 0000091a
[  200580.062803] 0000 0000 00000000
[  200580.071375] 0003 0035 00000e51
[  200580.071375] 0003 0036 00000919
[  200580.071375] 0000 0000 00000000
[  200580.079472] 0003 0035 00000e50
[  200580.079472] 0003 0036 00000917
[  200580.079472] 0000 0000 00000000
[  200580.088120] 0003 0035 00000e4f
[  200580.088120] 0003 0036 00000916
[  200580.088120] 0000 0000 00000000
[  200580.096189] 0003 0036 00000915
[  200580.096189] 0003 0030 00000008
[  200580.096189] 0003 0031 00000008
[  200580.096189] 0000 0000 00000000
[  200580.104761] 0003 0035 00000e4e
[  200580.104761] 0003 0036 00000912
[  200580.104761] 0000 0000 00000000
[  200580.112862] 0003 0035 00000e50
[  200580.112862] 0003 0036 00000911
[  200580.112862] 0000 0000 00000000
[  200580.121442] 0003 0035 00000e4e
[  200580.121442] 0003 0030 00000009
[  200580.121442] 0003 0031 00000009
[  200580.121442] 0000 0000 00000000
[  200580.129574] 0003 0035 00000e51
[  200580.129574] 0003 0036 00000912
[  200580.129574] 0000 0000 00000000
[  200580.138059] 0003 0035 00000e4f
[  200580.138059] 0003 0036 00000910
[  200580.138059] 0003 0030 00000008
[  200580.138059] 0003 0031 00000008
[  200580.138059] 0000 0000 00000000
[  200580.146200] 0003 0035 00000e50
[  200580.146200] 0003 0036 0000090e
[  200580.146200] 0003 0030 00000009
[  200580.146200] 0003 0031 00000009
[  200580.146200] 0000 0000 00000000
[  200580.154766] 0003 0035 00000e4f
[  200580.154766] 0003 0036 0000090a
[  200580.154766] 0003 0030 00000008
[  200580.154766] 0003 0031 00000008
[  200580.154766] 0000 0000 00000000
[  200580.179634] 0003 0035 00000e4e
[  200580.179634] 0003 0036 00000907
[  200580.179634] 0000 0000 00000000
[  200580.196332] 0003 0035 00000e50
[  200580.196332] 0003 0036 00000904
[  200580.196332] 0000 0000 00000000
[  200580.204839] 0003 0035 00000e4f
[  200580.204839] 0000 0000 00000000
[  200580.212937] 0003 0035 00000e50
[  200580.212937] 0003 0036 00000902
[  200580.212937] 0003 0030 00000007
[  200580.212937] 0003 0031 00000007
[  200580.212937] 0000 0000 00000000
[  200580.221475] 0003 0036 00000901
[  200580.221475] 0003 0030 00000009
[  200580.221475] 0003 0031 00000009
[  200580.221475] 0000 0000 00000000
[  200580.229615] 0003 0030 00000008
[  200580.229615] 0003 0031 00000008
[  200580.229615] 0000 0000 00000000
[  200580.238176] 0003 0036 00000900
[  200580.238176] 0000 0000 00000000
[  200580.254821] 0003 0035 00000e4e
[  200580.254821] 0000 0000 00000000
[  200580.262967] 0003 0035 00000e50
[  200580.262967] 0000 0000 00000000
[  200580.271509] 0003 0035 00000e53
[  200580.271509] 0003 0036 000008ff
[  200580.271509] 0000 0000 00000000
[  200580.280252] 0003 0039 ffffffff
[  200580.280252] 0001 014a 00000000
[  200580.280252] 0001 0145 00000000
[  200580.280252] 0000 0000 00000000
[  200580.489682] 0003 0039 0000cfa0
[  200580.489682] 0001 014a 00000001
[  200580.489682] 0001 0145 00000001
[  200580.489682] 0003 0035 00000b85
[  200580.489682] 0003 0036 00000bdd
[  200580.489682] 0003 0030 00000006
[  200580.489682] 0003 0031 00000006
[  200580.489682] 0000 0000 00000000
[  200580.496561] 0003 0035 00000b87
[  200580.496561] 0003 0036 00000bdf
[  200580.496561] 0003 0030 00000008
[  200580.496561] 0003 0031 00000008
[  200580.496561] 0000 0000 00000000
[  200580.513210] 0003 0035 00000b8b
[  200580.513210] 0003 0036 00000be0
[  200580.513210] 0000 0000 00000000
[  200580.521714] 0003 0035 00000b8f
[  200580.521714] 0000 0000 00000000
[  200580.529854] 0003 0035 00000b93
[  200580.529854] 0000 0000 00000000
[  200580.538384] 0003 0035 00000b97
[  200580.538384] 0003 0036 00000bde
[  200580.538384] 0000 0000 00000000
[  200580.546547] 0003 0035 00000b9b
[  200580.546547] 0003 0036 00000bdc
[  200580.546547] 0000 0000 00000000
[  200580.555146] 0003 0035 00000b9f
[  200580.555146] 0003 0036 00000bd8
[  200580.555146] 0000 0000 00000000
[  200580.563214] 0003 0035 00000ba3
[  200580.563214] 0003 0036 00000bd3
[  200580.563214] 0000 0000 00000000
[  200580.571742] 0003 0035 00000bb2
[  200580.571742] 0003 0036 00000bb4
[  200580.571742] 0000 0000 00000000
[  200580.579947] 0003 0035 00000bbe
[  200580.579947] 0003 0036 00000b8e
[  200580.579947] 0000 0000 00000000
[  200580.588413] 0003 0035 00000bc6
[  200580.588413] 0003 0036 00000b64
[  200580.588413] 0000 0000 00000000
[  200580.596559] 0003 0035 00000bd5
[  200580.596559] 0003 0036 00000b35
[  200580.596559] 0000 0000 00000000
[  200580.605121] 0003 0035 00000bdc
[  200580.605121] 0003 0036 00000b08
[  200580.605121] 0000 0000 00000000
[  200580.613183] 0003 0035 00000be2
[  200580.613183] 0003 0036 00000add
[  200580.613183] 0000 0000 00000000
[  200580.621862] 0003 0035 00000bee
[  200580.621862] 0003 0036 00000ab6
[  200580.621862] 0000 0000 00000000
[  200580.629942] 0003 0035 00000bf5
[  200580.629942] 0003 0036 00000a92
[  200580.629942] 0000 0000 00000000
[  200580.638536] 0003 0035 00000bfe
[  200580.638536] 0003 0036 00000a6f
[  200580.638536] 0000 0000 00000000
[  200580.646582] 0003 0035 00000c0c
[  200580.646582] 0003 0036 00000a50
[  200580.646582] 0003 0030 00000009
[  200580.646582] 0003 0031 00000009
[  200580.646582] 0000 0000 00000000
[  200580.655197] 0003 0035 00000c19
[  200580.655197] 0003 0036 00000a34
[  200580.655197] 0000 0000 00000000
[  200580.663240] 0003 0035 00000c2b
[  200580.663240] 0003 0036 00000a1a
[  200580.663240] 0000 0000 00000000
[  200580.671890] 0003 0035 00000c37
[  200580.671890] 0003 0036 00000a01
[  200580.671890] 0003 0030 00000008
[  200580.671890] 0003 0031 00000008
[  200580.671890] 0000 0000 00000000
[  200580.679907] 0003 0035 00000c4b
[  200580.679907] 0003 0036 000009e7
[  200580.679907] 0003 0030 00000009
[  200580.679907] 0003 0031 00000009
[  200580.679907] 0000 0000 00000000
[  200580.688481] 0003 0035 00000c5b
[  200580.688481] 0003 0036 000009d0
[  200580.688481] 0003 0030 0000000a
[  200580.688481] 0003 0031 0000000a
[  200580.688481] 0000 0000 00000000
[  200580.696592] 0003 0035 00000c68
[  200580.696592] 0003 0036 000009bd
[  200580.696592] 0000 0000 00000000
[  200580.705205] 0003 0035 00000c74
[  200580.705205] 0003 0036 000009a8
[  200580.705205] 0003 0030 00000009
[  200580.705205] 0003 0031 00000009
[  200580.705205] 0000 0000 00000000
[  200580.713265] 0003 0035 00000c83
[  200580.713265] 0003 0036 00000996
[  200580.713265] 0000 0000 00000000
[  200580.721945] 0003 0035 00000c85
[  200580.721945] 0003 0036 00000985
[  200580.721945] 0003 0030 00000008
[  200580.721945] 0003 0031 00000008
[  200580.721945] 0000 0000 00000000
[  200580.729953] 0003 0035 00000c8f
[  200580.729953] 0003 0036 00000975
[  200580.729953] 0003 0030 00000009
[  200580.729953] 0003 0031 00000009
[  200580.729953] 0000 0000 00000000
[  200580.738522] 0003 0035 00000c96
[  200580.738522] 0003 0036 00000968
[  200580.738522] 0000 0000 00000000
[  200580.746665] 0003 0035 00000c9c
[  200580.746665] 0003 0036 0000095d
[  200580.746665] 0003 0030 0000000a
[  200580.746665] 0003 0031 0000000a
[  200580.746665] 0000 0000 00000000
[  200580.755261] 0003 0035 00000c9d
[  200580.755261] 0003 0036 00000954
[  200580.755261] 0000 0000 00000000
[  200580.763299] 0003 0035 00000ca2
[  200580.763299] 0003 0036 0000094d
[  200580.763299] 0003 0030 00000009
[  200580.763299] 0003 0031 00000009
[  200580.763299] 0000 0000 00000000
[  200580.771911] 0003 0036 00000947
[  200580.771911] 0003 0030 0000000a
[  200580.771911] 0003 0031 0000000a
[  200580.771911] 0000 0000 00000000
[  200580.779982] 0003 0036 00000941
[  200580.779982] 0003 0030 00000009
[  200580.779982] 0003 0031 00000009
[  200580.779982] 0000 0000 00000000
[  200580.788611] 0003 0035 00000ca4
[  200580.788611] 0003 0036 0000093c
[  200580.788611] 0000 0000 00000000
[  200580.796679] 0003 0035 00000ca3
[  200580.796679] 0003 0036 00000938
[  200580.796679] 0003 0030 0000000a
[  200580.796679] 0003 0031 0000000a
[  200580.796679] 0000 0000 00000000
[  200580.805306] 0003 0036 00000935
[  200580.805306] 0003 0030 00000009
[  200580.805306] 0003 0031 00000009
[  200580.805306] 0000 0000 00000000
[  200580.813391] 0003 0035 00000caa
[  200580.813391] 0003 0036 00000931
[  200580.813391] 0000 0000 00000000
[  200580.822016] 0003 0035 00000cad
[  200580.822016] 0003 0036 00000930
[  200580.822016] 0000 0000 00000000
[  200580.830110] 0003 0035 00000cab
[  200580.830110] 0003 0036 0000092e
[  200580.830110] 0000 0000 00000000
[  200580.838667] 0003 0035 00000cae
[  200580.838667] 0003 0036 0000092d
[  200580.838667] 0000 0000 00000000
[  200580.846727] 0003 0036 0000092c
[  200580.846727] 0000 0000 00000000
[  200580.855309] 0003 0035 00000caf
[  200580.855309] 0003 0036 0000092b
[  200580.855309] 0003 0030 0000000a
[  200580.855309] 0003 0031 0000000a
[  200580.855309] 0000 0000 00000000
[  200580.863403] 0003 0035 00000cb4
[  200580.863403] 0003 0030 00000009
[  200580.863403] 0003 0031 00000009
[  200580.863403] 0000 0000 00000000
[  200580.872002] 0003 0035 00000cba
[  200580.872002] 0003 0036 0000092c
[  200580.872002] 0003 0030 00000008
[  200580.872002] 0003 0031 00000008
[  200580.872002] 0000 0000 00000000
[  200580.880297] 0003 0035 00000cb6
[  200580.880297] 0003 0036 00000932
[  200580.880297] 0003 0030 0000000a
[  200580.880297] 0003 0031 0000000a
[  200580.880297] 0000 0000 00000000
[  200580.889206] 0003 0039 ffffffff
[  200580.889206] 0001 014a 00000000
[  200580.889206] 0001 0145 00000000
[  200580.889206] 0000 0000 00000000
[  200581.030631] 0003 0039 0000cfa1
[  200581.030631] 0001 014a 00000001
[  200581.030631] 0001 0145 00000001
[  200581.030631] 0003 0035 00000b26
[  200581.030631] 0003 0036 00000bfb
[  200581.030631] 0003 0030 00000008
[  200581.030631] 0003 0031 00000008
[  200581.030631] 0000 0000 00000000
[  200581.038743] 0005 0020 00000001
[  200581.038743] 0003 0035 00000b27
[  200581.038743] 0003 0036 00000bfc
[  200581.038743] 0000 0000 00000000
[  200581.046992] 0005 0020 00000000
[  200581.046992] 0003 0036 00000bfd
[  200581.046992] 0000 0000 00000000
[  200581.055413] 0003 0035 00000b29
[  200581.055413] 0003 0036 00000bff
[  200581.055413] 0000 0000 00000000
[  200581.063519] 0003 0035 00000b2a
[  200581.063519] 0003 0036 00000c00
[  200581.063519] 0000 0000 00000000
[  200581.080259] 0003 0035 00000b2d
[  200581.080259] 0003 0036 00000bff
[  200581.080259] 0000 0000 00000000
[  200581.088931] 0003 0035 00000b2e
[  200581.088931] 0003 0036 00000bfc
[  200581.088931] 0000 0000 00000000
[  200581.096952] 0003 0035 00000b30
[  200581.096952] 0003 0036 00000bf7
[  200581.096952] 0000 0000 00000000
[  200581.105486] 0003 0035 00000b33
[  200581.105486] 0003 0036 00000bd3
[  200581.105486] 0000 0000 00000000
[  200581.113615] 0003 0036 00000ba8
[  200581.113615] 0000 0000 00000000
[  200581.122164] 0003 0035 00000b39
[  200581.122164] 0003 0036 00000b75
[  200581.122164] 0000 0000 00000000
[  200581.130247] 0003 0035 00000b38
[  200581.130247] 0003 0036 00000b3f
[  200581.130247] 0003 0030 00000009
[  200581.130247] 0003 0031 00000009
[  200581.130247] 0000 0000 00000000
[  200581.138818] 0003 0035 00000b3b
[  200581.138818] 0003 0036 00000b0d
[  200581.138818] 0003 0030 00000008
[  200581.138818] 0003 0031 00000008
[  200581.138818] 0000 0000 00000000
[  200581.146959] 0003 0035 00000b48
[  200581.146959] 0003 0036 00000ae0
[  200581.146959] 0000 0000 00000000
[  200581.155513] 0003 0035 00000b53
[  200581.155513] 0003 0036 00000ab6
[  200581.155513] 0003 0030 00000009
[  200581.155513] 0003 0031 00000009
[  200581.155513] 0000 0000 00000000
[  200581.163602] 0003 0035 00000b5e
[  200581.163602] 0003 0036 00000a90
[  200581.163602] 0003 0030 00000008
[  200581.163602] 0003 0031 00000008
[  200581.163602] 0000 0000 00000000
[  200581.172169] 0003 0035 00000b72
[  200581.172169] 0003 0036 00000a6c
[  200581.172169] 0003 0030 00000009
[  200581.172169] 0003 0031 00000009
[  200581.172169] 0000 0000 00000000
[  200581.180288] 0003 0035 00000b7f
[  200581.180288] 0003 0036 00000a4c
[  200581.180288] 0003 0030 00000008
[  200581.180288] 0003 0031 00000008
[  200581.180288] 0000 0000 00000000
[  200581.188855] 0003 0035 00000b91
[  200581.188855] 0003 0036 00000a30
[  200581.188855] 0000 0000 00000000
[  200581.197012] 0003 0035 00000b9e
[  200581.197012] 0003 0036 00000a11
[  200581.197012] 0003 0030 00000009
[  200581.197012] 0003 0031 00000009
[  200581.197012] 0000 0000 00000000
[  200581.205517] 0003 0035 00000bab
[  200581.205517] 0003 0036 000009f5
[  200581.205517] 0000 0000 00000000
[  200581.213635] 0003 0035 00000bb8
[  200581.213635] 0003 0036 000009da
[  200581.213635] 0003 0030 00000008
[  200581.213635] 0003 0031 00000008
[  200581.213635] 0000 0000 00000000
[  200581.222302] 0003 0035 00000bc6
[  200581.222302] 0003 0036 000009c1
[  200581.222302] 0003 0030 00000009
[  200581.222302] 0003 0031 00000009
[  200581.222302] 0000 0000 00000000
[  200581.230328] 0003 0035 00000bd5
[  200581.230328] 0003 0036 000009a8
[  200581.230328] 0000 0000 00000000
[  200581.238864] 0003 0035 00000bdc
[  200581.238864] 0003 0036 00000991
[  200581.238864] 0003 0030 00000008
[  200581.238864] 0003 0031 00000008
[  200581.238864] 0000 0000 00000000
[  200581.246979] 0003 0035 00000be6
[  200581.246979] 0003 0036 0000097b
[  200581.246979] 0003 0030 00000009
[  200581.246979] 0003 0031 00000009
[  200581.246979] 0000 0000 00000000
[  200581.255577] 0003 0035 00000bf3
[  200581.255577] 0003 0036 00000968
[  200581.255577] 0000 0000 00000000
[  200581.263677] 0003 0035 00000bfa
[  200581.263677] 0003 0036 00000958
[  200581.263677] 0000 0000 00000000
[  200581.272289] 0003 0035 00000bf9
[  200581.272289] 0003 0036 0000094d
[  200581.272289] 0003 0030 00000008
[  200581.272289] 0003 0031 00000008
[  200581.272289] 0000 0000 00000000
[  200581.280355] 0003 0035 00000bfe
[  200581.280355] 0003 0036 00000943
[  200581.280355] 0003 0030 00000009
[  200581.280355] 0003 0031 00000009
[  200581.280355] 0000 0000 00000000
[  200581.288933] 0003 0035 00000c05
[  200581.288933] 0003 0036 0000093a
[  200581.288933] 0000 0000 00000000
[  200581.297067] 0003 0035 00000c08
[  200581.297067] 0003 0036 00000932
[  200581.297067] 0000 0000 00000000
[  200581.305570] 0003 0035 00000c0b
[  200581.305570] 0003 0036 0000092b
[  200581.305570] 0000 0000 00000000
[  200581.313747] 0003 0035 00000c0e
[  200581.313747] 0003 0036 00000924
[  200581.313747] 0000 0000 00000000
[  200581.322277] 0003 0035 00000c0f
[  200581.322277] 0003 0036 0000091e
[  200581.322277] 0000 0000 00000000
[  200581.330465] 0003 0035 00000c0d
[  200581.330465] 0003 0036 0000091a
[  200581.330465] 0000 0000 00000000
[  200581.338990] 0003 0035 00000c0b
[  200581.338990] 0003 0036 00000917
[  200581.338990] 0000 0000 00000000
[  200581.347083] 0003 0036 00000914
[  200581.347083] 0000 0000 00000000
[  200581.355616] 0003 0035 00000c09
[  200581.355616] 0003 0036 00000912
[  200581.355616] 0000 0000 00000000
[  200581.363770] 0003 0035 00000c0b
[  200581.363770] 0003 0036 00000911
[  200581.363770] 0000 0000 00000000
[  200581.372402] 0003 0035 00000c0a
[  200581.372402] 0003 0036 00000910
[  200581.372402] 0000 0000 00000000
[  200581.380458] 0003 0036 0000090e
[  200581.380458] 0000 0000 00000000
[  200581.397193] 0003 0035 00000c09
[  200581.397193] 0003 0036 0000090c
[  200581.397193] 0000 0000 00000000
[  200581.405688] 0003 0035 00000c0a
[  200581.405688] 0003 0036 0000090b
[  200581.405688] 0000 0000 00000000
[  200581.413789] 0003 0036 0000090a
[  200581.413789] 0000 0000 00000000
[  200581.422441] 0003 0035 00000c0d
[  200581.422441] 0003 0036 00000909
[  200581.422441] 0000 0000 00000000
[  200581.430486] 0003 0035 00000c09
[  200581.430486] 0003 0036 00000906
[  200581.430486] 0000 0000 00000000
[  200581.439654] 0003 0039 ffffffff
[  200581.439654] 0001 014a 00000000
[  200581.439654] 0001 0145 00000000
[  200581.439654] 0000 0000 00000000
[  200582.058013] 0003 0039 0000cfa2
[  200582.058013] 0001 014a 00000001
[  200582.058013] 0001 0145 00000001
[  200582.058013] 0003 0035 00000ebb
[  200582.058013] 0003 0036 00000a75
[  200582.058013] 0003 0030 00000007
[  200582.058013] 0003 0031 00000007
[  200582.058013] 0000 0000 00000000
[  200582.064406] 0003 0035 00000eba
[  200582.064406] 0000 0000 00000000
[  200582.089684] 0003 0035 00000eb4
[  200582.089684] 0003 0036 00000a74
[  200582.089684] 0003 0030 00000008
[  200582.089684] 0003 0031 00000008
[  200582.089684] 0000 0000 00000000
[  200582.097732] 0003 0035 00000eac
[  200582.097732] 0000 0000 00000000
[  200582.106181] 0003 0035 00000ea1
[  200582.106181] 0003 0036 00000a73
[  200582.106181] 0000 0000 00000000
[  200582.114383] 0003 0035 00000e94
[  200582.114383] 0003 0036 00000a74
[  200582.114383] 0000 0000 00000000
[  200582.122943] 0003 0035 00000e4a
[  200582.122943] 0003 0036 00000a76
[  200582.122943] 0000 0000 00000000
[  200582.131126] 0003 0035 00000df4
[  200582.131126] 0003 0036 00000a7b
[  200582.131126] 0003 0030 00000009
[  200582.131126] 0003 0031 00000009
[  200582.131126] 0000 0000 00000000
[  200582.139612] 0003 0035 00000d97
[  200582.139612] 0003 0036 00000a83
[  200582.139612] 0003 0030 00000008
[  200582.139612] 0003 0031 00000008
[  200582.139612] 0000 0000 00000000
[  200582.147688] 0003 0035 00000d3f
[  200582.147688] 0003 0036 00000a89
[  200582.147688] 0000 0000 00000000
[  200582.156237] 0003 0035 00000ce8
[  200582.156237] 0003 0036 00000a91
[  200582.156237] 0003 0030 00000009
[  200582.156237] 0003 0031 00000009
[  200582.156237] 0000 0000 00000000
[  200582.164403] 0003 0035 00000c96
[  200582.164403] 0003 0036 00000a94
[  200582.164403] 0003 0030 00000008
[  200582.164403] 0003 0031 00000008
[  200582.164403] 0000 0000 00000000
[  200582.172886] 0003 0035 00000c49
[  200582.172886] 0000 0000 00000000
[  200582.181133] 0003 0035 00000bfc
[  200582.181133] 0003 0036 00000a93
[  200582.181133] 0000 0000 00000000
[  200582.189670] 0003 0035 00000ba8
[  200582.189670] 0003 0036 00000a8c
[  200582.189670] 0003 0030 00000009
[  200582.189670] 0003 0031 00000009
[  200582.189670] 0000 0000 00000000
[  200582.197713] 0003 0035 00000b58
[  200582.197713] 0003 0036 00000a84
[  200582.197713] 0000 0000 00000000
[  200582.206264] 0003 0035 00000b04
[  200582.206264] 0003 0036 00000a7e
[  200582.206264] 0000 0000 00000000
[  200582.214397] 0003 0035 00000aa5
[  200582.214397] 0003 0036 00000a78
[  200582.214397] 0000 0000 00000000
[  200582.223124] 0003 0035 00000a4c
[  200582.223124] 0003 0036 00000a70
[  200582.223124] 0003 0030 0000000a
[  200582.223124] 0003 0031 0000000a
[  200582.223124] 0000 0000 00000000
[  200582.231141] 0003 0035 000009ec
[  200582.231141] 0003 0036 00000a69
[  200582.231141] 0000 0000 00000000
[  200582.239566] 0003 0035 00000974
[  200582.239566] 0003 0036 00000a67
[  200582.239566] 0000 0000 00000000
[  200582.247720] 0003 0035 000008ee
[  200582.247720] 0003 0030 00000009
[  200582.247720] 0003 0031 00000009
[  200582.247720] 0000 0000 00000000
[  200582.256267] 0003 0035 00000858
[  200582.256267] 0003 0036 00000a6d
[  200582.256267] 0003 0030 0000000b
[  200582.256267] 0003 0031 0000000b
[  200582.256267] 0000 0000 00000000
[  200582.264390] 0003 0035 000007ba
[  200582.264390] 0003 0036 00000a7a
[  200582.264390] 0000 0000 00000000
[  200582.272905] 0003 0035 0000071b
[  200582.272905] 0003 0036 00000a8d
[  200582.272905] 0000 0000 00000000
[  200582.281115] 0003 0035 00000684
[  200582.281115] 0003 0036 00000aa6
[  200582.281115] 0003 0030 0000000c
[  200582.281115] 0003 0031 0000000c
[  200582.281115] 0000 0000 00000000
[  200582.289644] 0003 0035 000005ee
[  200582.289644] 0003 0036 00000ac8
[  200582.289644] 0003 0030 0000000d
[  200582.289644] 0003 0031 0000000d
[  200582.289644] 0000 0000 00000000
[  200582.297896] 0003 0035 00000554
[  200582.297896] 0003 0036 00000af0
[  200582.297896] 0003 0030 0000000c
[  200582.297896] 0003 0031 0000000c
[  200582.297896] 0000 0000 00000000
[  200582.306288] 0003 0035 0000046b
[  200582.306288] 0003 0036 00000b2d
[  200582.306288] 0000 0000 00000000
[  200582.314892] 0003 0039 ffffffff
[  200582.314892] 0001 014a 00000000
[  200582.314892] 0001 0145 00000000
[  200582.314892] 0000 0000 00000000
[  200583.477141] 0003 0039 0000cfa3
[  200583.477141] 0001 014a 00000001
[  200583.477141] 0001 0145 00000001
[  200583.477141] 0003 0035 00000284
[  200583.477141] 0003 0036 00000a7b
[  200583.477141] 0003 0030 0000000e
[  200583.477141] 0003 0031 0000000e
[  200583.477141] 0000 0000 00000000
[  200583.481991] 0005 0020 00000001
[  200583.481991] 0003 0035 00000286
[  200583.481991] 0003 0030 0000000f
[  200583.481991] 0003 0031 0000000f
[  200583.481991] 0000 0000 00000000
[  200583.490316] 0003 0035 0000028a
[  200583.490316] 0003 0030 0000000e
[  200583.490316] 0003 0031 0000000e
[  200583.490316] 0000 0000 00000000
[  200583.498459] 0003 0035 0000028f
[  200583.498459] 0000 0000 00000000
[  200583.506988] 0003 0035 00000296
[  200583.506988] 0003 0030 0000000d
[  200583.506988] 0003 0031 0000000d
[  200583.506988] 0000 0000 00000000
[  200583.515220] 0003 0035 000002a1
[  200583.515220] 0000 0000 00000000
[  200583.523690] 0003 0035 000002ae
[  200583.523690] 0003 0036 00000a7c
[  200583.523690] 0003 0030 0000000e
[  200583.523690] 0003 0031 0000000e
[  200583.523690] 0000 0000 00000000
[  200583.531796] 0003 0035 000002e5
[  200583.531796] 0003 0036 00000a7e
[  200583.531796] 0003 0030 0000000d
[  200583.531796] 0003 0031 0000000d
[  200583.531796] 0000 0000 00000000
[  200583.540354] 0003 0035 0000031c
[  200583.540354] 0003 0036 00000a81
[  200583.540354] 0000 0000 00000000
[  200583.548568] 0003 0035 00000357
[  200583.548568] 0003 0036 00000a84
[  200583.548568] 0003 0030 0000000c
[  200583.548568] 0003 0031 0000000c
[  200583.548568] 0000 0000 00000000
[  200583.557043] 0003 0035 0000039a
[  200583.557043] 0003 0036 00000a8a
[  200583.557043] 0000 0000 00000000
[  200583.565371] 0005 0020 00000000
[  200583.565371] 0003 0035 000003eb
[  200583.565371] 0003 0036 00000a91
[  200583.565371] 0000 0000 00000000
[  200583.573694] 0003 0035 00000444
[  200583.573694] 0003 0036 00000a9a
[  200583.573694] 0003 0030 0000000b
[  200583.573694] 0003 0031 0000000b
[  200583.573694] 0000 0000 00000000
[  200583.581895] 0003 0035 000004ad
[  200583.581895] 0003 0036 00000aa3
[  200583.581895] 0000 0000 00000000
[  200583.590588] 0003 0035 00000519
[  200583.590588] 0003 0036 00000aa9
[  200583.590588] 0000 0000 00000000
[  200583.598520] 0003 0035 00000588
[  200583.598520] 0003 0036 00000ab0
[  200583.598520] 0000 0000 00000000
[  200583.607238] 0003 0035 00000600
[  200583.607238] 0003 0036 00000ab4
[  200583.607238] 0003 0030 0000000c
[  200583.607238] 0003 0031 0000000c
[  200583.607238] 0000 0000 00000000
[  200583.615226] 0003 0035 00000678
[  200583.615226] 0003 0036 00000abb
[  200583.615226] 0003 0030 0000000b
[  200583.615226] 0003 0031 0000000b
[  200583.615226] 0000 0000 00000000
[  200583.623715] 0003 0035 000006f4
[  200583.623715] 0003 0036 00000abd
[  200583.623715] 0000 0000 00000000
[  200583.631892] 0003 0035 00000772
[  200583.631892] 0003 0036 00000ac1
[  200583.631892] 0000 0000 00000000
[  200583.640403] 0003 0035 000007f2
[  200583.640403] 0003 0036 00000ac5
[  200583.640403] 0003 0030 0000000a
[  200583.640403] 0003 0031 0000000a
[  200583.640403] 0000 0000 00000000
[  200583.648601] 0003 0035 00000871
[  200583.648601] 0003 0036 00000ac7
[  200583.648601] 0000 0000 00000000
[  200583.657054] 0003 0035 000008ed
[  200583.657054] 0003 0036 00000ac9
[  200583.657054] 0003 0030 0000000b
[  200583.657054] 0003 0031 0000000b
[  200583.657054] 0000 0000 00000000
[  200583.665248] 0003 0035 00000963
[  200583.665248] 0003 0036 00000acc
[  200583.665248] 0003 0030 0000000a
[  200583.665248] 0003 0031 0000000a
[  200583.665248] 0000 0000 00000000
[  200583.673704] 0003 0035 000009e0
[  200583.673704] 0003 0036 00000ace
[  200583.673704] 0003 0030 0000000b
[  200583.673704] 0003 0031 0000000b
[  200583.673704] 0000 0000 00000000
[  200583.681943] 0003 0035 00000a57
[  200583.681943] 0003 0036 00000ad2
[  200583.681943] 0003 0030 0000000a
[  200583.681943] 0003 0031 0000000a
[  200583.681943] 0000 0000 00000000
[  200583.690510] 0003 0035 00000ac8
[  200583.690510] 0003 0036 00000ad4
[  200583.690510] 0003 0030 00000009
[  200583.690510] 0003 0031 00000009
[  200583.690510] 0000 0000 00000000
[  200583.698624] 0003 0035 00000b3c
[  200583.698624] 0003 0036 00000ad5
[  200583.698624] 0003 0030 0000000a
[  200583.698624] 0003 0031 0000000a
[  200583.698624] 0000 0000 00000000
[  200583.707074] 0003 0035 00000ba3
[  200583.707074] 0000 0000 00000000
[  200583.715316] 0003 0035 00000c0f
[  200583.715316] 0003 0036 00000ad3
[  200583.715316] 0003 0030 0000000b
[  200583.715316] 0003 0031 0000000b
[  200583.715316] 0000 0000 00000000
[  200583.723761] 0003 0035 00000c77
[  200583.723761] 0003 0036 00000ad2
[