[   75638.961485] 0003 0039 000043b8
[   75638.961485] 0001 014a 00000001
[   75638.961485] 0001 0145 00000001
[   75638.961485] 0003 0035 000007bd
[   75638.961485] 0003 0036 00000d3f
[   75638.961485] 0003 0030 0000000c
[   75638.961485] 0003 0031 0000000c
[   75638.961485] 0000 0000 00000000
[   75638.977039] 0005 0020 00000000
[   75638.977039] 0003 0035 000007ba
[   75638.977039] 0003 0030 0000000d
[   75638.977039] 0003 0031 0000000d
[   75638.977039] 0000 0000 00000000
[   75638.993580] 0003 0035 000007b7
[   75638.993580] 0003 0030 0000000c
[   75638.993580] 0003 0031 0000000c
[   75638.993580] 0000 0000 00000000
[   75639.001827] 0003 0035 000007b5
[   75639.001827] 0003 0030 0000000d
[   75639.001827] 0003 0031 0000000d
[   75639.001827] 0000 0000 00000000
[   75639.018473] 0003 0035 000007b3
[   75639.018473] 0000 0000 00000000
[   75639.035292] 0003 0035 000007b2
[   75639.035292] 0003 0036 00000d40
[   75639.035292] 0000 0000 00000000
[   75639.060593] 0003 0035 000007b3
[   75639.060593] 0000 0000 00000000
[   75639.077173] 0003 0035 000007b8
[   75639.077173] 0003 0030 0000000b
[   75639.077173] 0003 0031 0000000b
[   75639.077173] 0000 0000 00000000
[   75639.085241] 0003 0035 000007b9
[   75639.085241] 0003 0030 0000000a
[   75639.085241] 0003 0031 0000000a
[   75639.085241] 0000 0000 00000000
[   75639.094372] 0003 0039 ffffffff
[   75639.094372] 0001 014a 00000000
[   75639.094372] 0001 0145 00000000
[   75639.094372] 0000 0000 00000000
[   75640.154500] 0003 0039 000043b9
[   75640.154500] 0001 014a 00000001
[   75640.154500] 0001 0145 00000001
[   75640.154500] 0003 0035 00000f07
[   75640.154500] 0003 0036 00000e81
[   75640.154500] 0003 0030 00000009
[   75640.154500] 0003 0031 00000009
[   75640.154500] 0000 0000 00000000
[   75640.186303] 0003 0035 00000f05
[   75640.186303] 0003 0030 0000000a
[   75640.186303] 0003 0031 0000000a
[   75640.186303] 0000 0000 00000000
[   75640.202645] 0003 0035 00000f01
[   75640.202645] 0003 0036 00000e80
[   75640.202645] 0003 0030 0000000b
[   75640.202645] 0003 0031 0000000b
[   75640.202645] 0000 0000 00000000
[   75640.211308] 0003 0035 00000efe
[   75640.211308] 0000 0000 00000000
[   75640.219299] 0003 0035 00000efb
[   75640.219299] 0003 0036 00000e7f
[   75640.219299] 0003 0030 0000000c
[   75640.219299] 0003 0031 0000000c
[   75640.219299] 0000 0000 00000000
[   75640.227930] 0003 0035 00000ef7
[   75640.227930] 0000 0000 00000000
[   75640.236040] 0003 0035 00000ef4
[   75640.236040] 0003 0036 00000e7e
[   75640.236040] 0003 0030 0000000b
[   75640.236040] 0003 0031 0000000b
[   75640.236040] 0000 0000 00000000
[   75640.244606] 0003 0035 00000ef1
[   75640.244606] 0003 0036 00000e7d
[   75640.244606] 0003 0030 0000000c
[   75640.244606] 0003 0031 0000000c
[   75640.244606] 0000 0000 00000000
[   75640.252880] 0003 0035 00000eee
[   75640.252880] 0003 0036 00000e7c
[   75640.252880] 0000 0000 00000000
[   75640.261260] 0003 0035 00000eeb
[   75640.261260] 0003 0036 00000e7b
[   75640.261260] 0003 0030 0000000b
[   75640.261260] 0003 0031 0000000b
[   75640.261260] 0000 0000 00000000
[   75640.269426] 0003 0035 00000eea
[   75640.269426] 0003 0036 00000e7a
[   75640.269426] 0003 0030 0000000a
[   75640.269426] 0003 0031 0000000a
[   75640.269426] 0000 0000 00000000
[   75640.277940] 0003 0035 00000ee9
[   75640.277940] 0000 0000 00000000
[   75640.286084] 0003 0036 00000e79
[   75640.286084] 0003 0030 00000009
[   75640.286084] 0003 0031 00000009
[   75640.286084] 0000 0000 00000000
[   75640.295178] 0003 0039 ffffffff
[   75640.295178] 0001 014a 00000000
[   75640.295178] 0001 0145 00000000
[   75640.295178] 0000 0000 00000000
[   75641.596145] 0003 0039 000043ba
[   75641.596145] 0001 014a 00000001
[   75641.596145] 0001 0145 00000001
[   75641.596145] 0003 0035 00000420
[   75641.596145] 0003 0036 000005d7
[   75641.596145] 0003 0030 0000000a
[   75641.596145] 0003 0031 0000000a
[   75641.596145] 0000 0000 00000000
[   75641.603296] 0003 0035 0000041f
[   75641.603296] 0003 0036 000005d6
[   75641.603296] 0000 0000 00000000
[   75641.611903] 0003 0036 000005d5
[   75641.611903] 0003 0030 0000000b
[   75641.611903] 0003 0031 0000000b
[   75641.611903] 0000 0000 00000000
[   75641.619960] 0003 0036 000005d4
[   75641.619960] 0000 0000 00000000
[   75641.628539] 0003 0036 000005d2
[   75641.628539] 0003 0030 0000000a
[   75641.628539] 0003 0031 0000000a
[   75641.628539] 0000 0000 00000000
[   75641.636725] 0003 0035 00000420
[   75641.636725] 0003 0036 000005d1
[   75641.636725] 0003 0030 0000000b
[   75641.636725] 0003 0031 0000000b
[   75641.636725] 0000 0000 00000000
[   75641.645271] 0003 0035 00000422
[   75641.645271] 0003 0036 000005d0
[   75641.645271] 0003 0030 0000000a
[   75641.645271] 0003 0031 0000000a
[   75641.645271] 0000 0000 00000000
[   75641.653311] 0003 0035 00000424
[   75641.653311] 0003 0036 000005cf
[   75641.653311] 0000 0000 00000000
[   75641.661852] 0003 0035 00000426
[   75641.661852] 0003 0036 000005ce
[   75641.661852] 0000 0000 00000000
[   75641.669995] 0003 0035 00000428
[   75641.669995] 0003 0036 000005cd
[   75641.669995] 0003 0030 0000000b
[   75641.669995] 0003 0031 0000000b
[   75641.669995] 0000 0000 00000000
[   75641.686731] 0003 0035 0000042c
[   75641.686731] 0003 0036 000005cc
[   75641.686731] 0003 0030 0000000a
[   75641.686731] 0003 0031 0000000a
[   75641.686731] 0000 0000 00000000
[   75641.695395] 0003 0035 0000042e
[   75641.695395] 0003 0036 000005cb
[   75641.695395] 0003 0030 00000009
[   75641.695395] 0003 0031 00000009
[   75641.695395] 0000 0000 00000000
[   75641.704004] 0003 0039 ffffffff
[   75641.704004] 0001 014a 00000000
[   75641.704004] 0001 0145 00000000
[   75641.704004] 0000 0000 00000000
[   75642.780389] 0003 0039 000043bb
[   75642.780389] 0001 014a 00000001
[   75642.780389] 0001 0145 00000001
[   75642.780389] 0003 0035 00000f06
[   75642.780389] 0003 0036 00000e61
[   75642.780389] 0003 0030 00000006
[   75642.780389] 0003 0031 00000006
[   75642.780389] 0000 0000 00000000
[   75642.787051] 0005 0020 00000001
[   75642.787051] 0003 0035 00000f08
[   75642.787051] 0003 0036 00000e62
[   75642.787051] 0003 0030 00000009
[   75642.787051] 0003 0031 00000009
[   75642.787051] 0000 0000 00000000
[   75642.795594] 0003 0036 00000e63
[   75642.795594] 0003 0030 00000008
[   75642.795594] 0003 0031 00000008
[   75642.795594] 0000 0000 00000000
[   75642.812248] 0003 0036 00000e65
[   75642.812248] 0000 0000 00000000
[   75642.820734] 0005 0020 00000000
[   75642.820734] 0003 0036 00000e66
[   75642.820734] 0000 0000 00000000
[   75642.837030] 0003 0035 00000f07
[   75642.837030] 0003 0036 00000e67
[   75642.837030] 0003 0030 00000009
[   75642.837030] 0003 0031 00000009
[   75642.837030] 0000 0000 00000000
[   75642.895612] 0003 0035 00000f05
[   75642.895612] 0000 0000 00000000
[   75642.971165] 0003 0039 ffffffff
[   75642.971165] 0001 014a 00000000
[   75642.971165] 0001 0145 00000000
[   75642.971165] 0000 0000 00000000
[   75644.883934] 0003 0039 000043bc
[   75644.883934] 0001 014a 00000001
[   75644.883934] 0001 0145 00000001
[   75644.883934] 0003 0035 000007a7
[   75644.883934] 0003 0036 00000aec
[   75644.883934] 0003 0030 00000007
[   75644.883934] 0003 0031 00000007
[   75644.883934] 0000 0000 00000000
[   75644.904067] 0005 0020 00000001
[   75644.904067] 0003 0035 000007a6
[   75644.904067] 0003 0036 00000aea
[   75644.904067] 0003 0030 00000008
[   75644.904067] 0003 0031 00000008
[   75644.904067] 0000 0000 00000000
[   75644.912465] 0003 0036 00000ae8
[   75644.912465] 0000 0000 00000000
[   75644.920910] 0003 0035 000007a8
[   75644.920910] 0003 0036 00000ae5
[   75644.920910] 0000 0000 00000000
[   75644.929110] 0003 0035 000007ab
[   75644.929110] 0003 0036 00000ae1
[   75644.929110] 0000 0000 00000000
[   75644.937334] 0003 0035 000007ae
[   75644.937334] 0003 0036 00000adc
[   75644.937334] 0000 0000 00000000
[   75644.945866] 0003 0035 000007b1
[   75644.945866] 0003 0036 00000ad6
[   75644.945866] 0000 0000 00000000
[   75644.953966] 0003 0035 000007b7
[   75644.953966] 0003 0036 00000ac0
[   75644.953966] 0000 0000 00000000
[   75644.962703] 0005 0020 00000000
[   75644.962703] 0003 0035 000007bc
[   75644.962703] 0003 0036 00000aa9
[   75644.962703] 0000 0000 00000000
[   75644.970794] 0003 0035 000007c0
[   75644.970794] 0003 0036 00000a97
[   75644.970794] 0000 0000 00000000
[   75644.979167] 0003 0035 000007bf
[   75644.979167] 0003 0036 00000a83
[   75644.979167] 0000 0000 00000000
[   75644.987313] 0003 0035 000007c1
[   75644.987313] 0003 0036 00000a71
[   75644.987313] 0000 0000 00000000
[   75644.995820] 0003 0035 000007c4
[   75644.995820] 0003 0036 00000a5b
[   75644.995820] 0003 0030 00000009
[   75644.995820] 0003 0031 00000009
[   75644.995820] 0000 0000 00000000
[   75645.003961] 0003 0035 000007c6
[   75645.003961] 0003 0036 00000a47
[   75645.003961] 0000 0000 00000000
[   75645.012514] 0003 0035 000007c5
[   75645.012514] 0003 0036 00000a32
[   75645.012514] 0003 0030 00000008
[   75645.012514] 0003 0031 00000008
[   75645.012514] 0000 0000 00000000
[   75645.020781] 0003 0035 000007c7
[   75645.020781] 0003 0036 00000a1d
[   75645.020781] 0000 0000 00000000
[   75645.029226] 0003 0035 000007c5
[   75645.029226] 0003 0036 00000a07
[   75645.029226] 0003 0030 00000009
[   75645.029226] 0003 0031 00000009
[   75645.029226] 0000 0000 00000000
[   75645.037293] 0003 0035 000007c4
[   75645.037293] 0003 0036 000009f0
[   75645.037293] 0003 0030 00000008
[   75645.037293] 0003 0031 00000008
[   75645.037293] 0000 0000 00000000
[   75645.045856] 0003 0035 000007c3
[   75645.045856] 0003 0036 000009d8
[   75645.045856] 0003 0030 00000009
[   75645.045856] 0003 0031 00000009
[   75645.045856] 0000 0000 00000000
[   75645.053958] 0003 0035 000007c5
[   75645.053958] 0003 0036 000009c4
[   75645.053958] 0000 0000 00000000
[   75645.062532] 0003 0035 000007c4
[   75645.062532] 0003 0036 000009af
[   75645.062532] 0000 0000 00000000
[   75645.070704] 0003 0035 000007c5
[   75645.070704] 0003 0036 00000998
[   75645.070704] 0003 0030 00000008
[   75645.070704] 0003 0031 00000008
[   75645.070704] 0000 0000 00000000
[   75645.079223] 0003 0035 000007c3
[   75645.079223] 0003 0036 00000981
[   75645.079223] 0000 0000 00000000
[   75645.087350] 0003 0035 000007c1
[   75645.087350] 0003 0036 0000096b
[   75645.087350] 0003 0030 00000009
[   75645.087350] 0003 0031 00000009
[   75645.087350] 0000 0000 00000000
[   75645.095895] 0003 0035 000007bd
[   75645.095895] 0003 0036 00000956
[   75645.095895] 0000 0000 00000000
[   75645.103953] 0003 0035 000007bf
[   75645.103953] 0003 0036 00000944
[   75645.103953] 0000 0000 00000000
[   75645.112505] 0003 0035 000007be
[   75645.112505] 0003 0036 00000931
[   75645.112505] 0003 0030 00000008
[   75645.112505] 0003 0031 00000008
[   75645.112505] 0000 0000 00000000
[   75645.120762] 0003 0035 000007b8
[   75645.120762] 0003 0036 0000091d
[   75645.120762] 0000 0000 00000000
[   75645.129202] 0003 0035 000007b4
[   75645.129202] 0003 0036 00000909
[   75645.129202] 0000 0000 00000000
[   75645.137308] 0003 0035 000007af
[   75645.137308] 0003 0036 000008f8
[   75645.137308] 0003 0030 00000009
[   75645.137308] 0003 0031 00000009
[   75645.137308] 0000 0000 00000000
[   75645.145909] 0003 0035 000007ac
[   75645.145909] 0003 0036 000008e8
[   75645.145909] 0000 0000 00000000
[   75645.153963] 0003 0036 000008d8
[   75645.153963] 0000 0000 00000000
[   75645.162587] 0003 0035 000007aa
[   75645.162587] 0003 0036 000008c8
[   75645.162587] 0000 0000 00000000
[   75645.170810] 0003 0035 000007a9
[   75645.170810] 0003 0036 000008b8
[   75645.170810] 0000 0000 00000000
[   75645.179259] 0003 0035 000007a2
[   75645.179259] 0003 0036 000008a9
[   75645.179259] 0000 0000 00000000
[   75645.187307] 0003 0035 000007a1
[   75645.187307] 0003 0036 0000089a
[   75645.187307] 0000 0000 00000000
[   75645.195954] 0003 0035 0000079c
[   75645.195954] 0003 0036 0000088b
[   75645.195954] 0003 0030 00000008
[   75645.195954] 0003 0031 00000008
[   75645.195954] 0000 0000 00000000
[   75645.203987] 0003 0035 00000798
[   75645.203987] 0003 0036 00000879
[   75645.203987] 0003 0030 00000009
[   75645.203987] 0003 0031 00000009
[   75645.203987] 0000 0000 00000000
[   