[   71398.490430] 0003 0039 00003b13
[   71398.490430] 0001 014a 00000001
[   71398.490430] 0001 0145 00000001
[   71398.490430] 0003 0035 0000095e
[   71398.490430] 0003 0036 0000084e
[   71398.490430] 0003 0030 0000000b
[   71398.490430] 0003 0031 0000000b
[   71398.490430] 0000 0000 00000000
[   71398.497657] 0003 0035 00000961
[   71398.497657] 0000 0000 00000000
[   71398.505816] 0003 0035 00000963
[   71398.505816] 0003 0036 0000084c
[   71398.505816] 0003 0030 0000000a
[   71398.505816] 0003 0031 0000000a
[   71398.505816] 0000 0000 00000000
[   71398.514050] 0003 0036 0000084b
[   71398.514050] 0003 0030 0000000b
[   71398.514050] 0003 0031 0000000b
[   71398.514050] 0000 0000 00000000
[   71398.522513] 0003 0035 00000962
[   71398.522513] 0003 0036 00000849
[   71398.522513] 0000 0000 00000000
[   71398.530858] 0003 0035 0000095f
[   71398.530858] 0003 0036 00000848
[   71398.530858] 0000 0000 00000000
[   71398.539182] 0003 0035 00000959
[   71398.539182] 0003 0036 00000846
[   71398.539182] 0000 0000 00000000
[   71398.547371] 0003 0035 0000094f
[   71398.547371] 0003 0036 00000844
[   71398.547371] 0000 0000 00000000
[   71398.555888] 0003 0035 0000093e
[   71398.555888] 0003 0036 00000842
[   71398.555888] 0000 0000 00000000
[   71398.564197] 0003 0035 000008ed
[   71398.564197] 0003 0036 0000083b
[   71398.564197] 0003 0030 0000000a
[   71398.564197] 0003 0031 0000000a
[   71398.564197] 0000 0000 00000000
[   71398.572574] 0003 0035 00000890
[   71398.572574] 0003 0036 00000836
[   71398.572574] 0000 0000 00000000
[   71398.580807] 0003 0035 0000082c
[   71398.580807] 0003 0036 00000833
[   71398.580807] 0003 0030 0000000b
[   71398.580807] 0003 0031 0000000b
[   71398.580807] 0000 0000 00000000
[   71398.589481] 0003 0035 000007c3
[   71398.589481] 0003 0036 00000832
[   71398.589481] 0003 0030 0000000a
[   71398.589481] 0003 0031 0000000a
[   71398.589481] 0000 0000 00000000
[   71398.597332] 0003 0035 00000765
[   71398.597332] 0003 0036 00000834
[   71398.597332] 0003 0030 0000000b
[   71398.597332] 0003 0031 0000000b
[   71398.597332] 0000 0000 00000000
[   71398.605930] 0003 0035 00000705
[   71398.605930] 0003 0036 00000837
[   71398.605930] 0000 0000 00000000
[   71398.613970] 0003 0035 000006b3
[   71398.613970] 0003 0036 00000839
[   71398.613970] 0003 0030 0000000a
[   71398.613970] 0003 0031 0000000a
[   71398.613970] 0000 0000 00000000
[   71398.622550] 0003 0035 00000664
[   71398.622550] 0003 0036 0000083d
[   71398.622550] 0003 0030 00000009
[   71398.622550] 0003 0031 00000009
[   71398.622550] 0000 0000 00000000
[   71398.630678] 0003 0035 0000061f
[   71398.630678] 0003 0036 00000840
[   71398.630678] 0003 0030 0000000a
[   71398.630678] 0003 0031 0000000a
[   71398.630678] 0000 0000 00000000
[   71398.639198] 0003 0035 000005d6
[   71398.639198] 0003 0036 00000841
[   71398.639198] 0000 0000 00000000
[   71398.647366] 0003 0035 00000592
[   71398.647366] 0003 0036 00000843
[   71398.647366] 0000 0000 00000000
[   71398.655873] 0003 0035 0000054d
[   71398.655873] 0003 0036 00000846
[   71398.655873] 0000 0000 00000000
[   71398.664051] 0003 0035 00000510
[   71398.664051] 0003 0036 00000849
[   71398.664051] 0003 0030 00000009
[   71398.664051] 0003 0031 00000009
[   71398.664051] 0000 0000 00000000
[   71398.672601] 0003 0035 000004d0
[   71398.672601] 0003 0036 0000084a
[   71398.672601] 0003 0030 0000000a
[   71398.672601] 0003 0031 0000000a
[   71398.672601] 0000 0000 00000000
[   71398.680757] 0003 0035 00000498
[   71398.680757] 0003 0036 0000084c
[   71398.680757] 0003 0030 00000009
[   71398.680757] 0003 0031 00000009
[   71398.680757] 0000 0000 00000000
[   71398.689229] 0003 0035 00000458
[   71398.689229] 0003 0036 0000084e
[   71398.689229] 0003 0030 0000000a
[   71398.689229] 0003 0031 0000000a
[   71398.689229] 0000 0000 00000000
[   71398.697404] 0003 0035 00000420
[   71398.697404] 0003 0036 00000852
[   71398.697404] 0000 0000 00000000
[   71398.706078] 0003 0035 000003e5
[   71398.706078] 0003 0036 00000853
[   71398.706078] 0000 0000 00000000
[   71398.714051] 0003 0035 000003a6
[   71398.714051] 0003 0036 00000854
[   71398.714051] 0000 0000 00000000
[   71398.723752] 0003 0035 00000369
[   71398.723752] 0003 0036 00000857
[   71398.723752] 0000 0000 00000000
[   71398.730825] 0003 0035 00000322
[   71398.730825] 0003 0036 00000859
[   71398.730825] 0003 0030 0000000b
[   71398.730825] 0003 0031 0000000b
[   71398.730825] 0000 0000 00000000
[   71398.739313] 0003 0035 000002e7
[   71398.739313] 0003 0036 00000858
[   71398.739313] 0003 0030 0000000a
[   71398.739313] 0003 0031 0000000a
[   71398.739313] 0000 0000 00000000
[   71398.747461] 0003 0035 000002a4
[   71398.747461] 0003 0036 0000085c
[   71398.747461] 0000 0000 00000000
[   71398.755973] 0003 0035 00000268
[   71398.755973] 0003 0036 0000085f
[   71398.755973] 0003 0030 00000009
[   71398.755973] 0003 0031 00000009
[   71398.755973] 0000 0000 00000000
[   71398.764132] 0003 0035 00000229
[   71398.764132] 0003 0036 00000863
[   71398.764132] 0003 0030 0000000b
[   71398.764132] 0003 0031 0000000b
[   71398.764132] 0000 0000 00000000
[   71398.772661] 0003 0035 000001fd
[   71398.772661] 0003 0036 00000867
[   71398.772661] 0003 0030 00000009
[   71398.772661] 0003 0031 00000009
[   71398.772661] 0000 0000 00000000
[   71398.780829] 0003 0035 000001cc
[   71398.780829] 0003 0036 0000086b
[   71398.780829] 0003 0030 0000000a
[   71398.780829] 0003 0031 0000000a
[   71398.780829] 0000 0000 00000000
[   71398.789332] 0003 0035 000001a4
[   71398.789332] 0003 0036 0000086f
[   71398.789332] 0003 0030 00000009
[   71398.789332] 0003 0031 00000009
[   71398.789332] 0000 0000 00000000
[   71398.797536] 0003 0035 00000186
[   71398.797536] 0003 0036 00000875
[   71398.797536] 0000 0000 00000000
[   71398.806042] 0003 0035 00000173
[   71398.806042] 0003 0036 00000877
[   71398.806042] 0003 0030 00000008
[   71398.806042] 0003 0031 00000008
[   71398.806042] 0000 0000 00000000
[   71398.814209] 0003 0035 0000016a
[   71398.814209] 0003 0030 00000009
[   71398.814209] 0003 0031 00000009
[   71398.814209] 0000 0000 00000000
[   71398.822787] 0003 0035 00000163
[   71398.822787] 0003 0036 00000878
[   71398.822787] 0003 0030 00000008
[   71398.822787] 0003 0031 00000008
[   71398.822787] 0000 0000 00000000
[   71398.830870] 0003 0035 0000015f
[   71398.830870] 0003 0036 00000873
[   71398.830870] 0003 0030 00000009
[   71398.830870] 0003 0031 00000009
[   71398.830870] 0000 0000 00000000
[   71398.839353] 0003 0035 0000015e
[   71398.839353] 0003 0036 0000086e
[   71398.839353] 0003 0030 00000008
[   71398.839353] 0003 0031 00000008
[   71398.839353] 0000 0000 00000000
[   71398.847521] 0003 0035 0000015f
[   71398.847521] 0003 0036 00000864
[   71398.847521] 0000 0000 00000000
[   71398.856048] 0003 0035 00000165
[   71398.856048] 0003 0036 00000859
[   71398.856048] 0000 0000 00000000
[   71398.864221] 0003 0035 00000173
[   71398.864221] 0003 0036 0000084c
[   71398.864221] 0003 0030 00000009
[   71398.864221] 0003 0031 00000009
[   71398.864221] 0000 0000 00000000
[   71398.872719] 0003 0035 00000186
[   71398.872719] 0003 0036 0000083c
[   71398.872719] 0000 0000 00000000
[   71398.880942] 0003 0035 0000019e
[   71398.880942] 0003 0036 00000829
[   71398.880942] 0000 0000 00000000
[   71398.889401] 0003 0035 000001bf
[   71398.889401] 0003 0036 0000080f
[   71398.889401] 0000 0000 00000000
[   71398.897571] 0003 0035 000001e7
[   71398.897571] 0003 0036 000007f2
[   71398.897571] 0003 0030 0000000a
[   71398.897571] 0003 0031 0000000a
[   71398.897571] 0000 0000 00000000
[   71398.906067] 0003 0035 00000223
[   71398.906067] 0003 0036 000007d3
[   71398.906067] 0003 0030 00000009
[   71398.906067] 0003 0031 00000009
[   71398.906067] 0000 0000 00000000
[   71398.914285] 0003 0035 00000265
[   71398.914285] 0003 0036 000007b3
[   71398.914285] 0003 0030 0000000a
[   71398.914285] 0003 0031 0000000a
[   71398.914285] 0000 0000 00000000
[   71398.922791] 0003 0035 000002b1
[   71398.922791] 0003 0036 0000078e
[   71398.922791] 0003 0030 00000009
[   71398.922791] 0003 0031 00000009
[   71398.922791] 0000 0000 00000000
[   71398.930932] 0003 0035 000002fd
[   71398.930932] 0003 0036 0000076f
[   71398.930932] 0003 0030 0000000a
[   71398.930932] 0003 0031 0000000a
[   71398.930932] 0000 0000 00000000
[   71398.939440] 0003 0035 00000354
[   71398.939440] 0003 0036 00000752
[   71398.939440] 0003 0030 00000009
[   71398.939440] 0003 0031 00000009
[   71398.939440] 0000 0000 00000000
[   71398.947604] 0003 0035 000003a8
[   71398.947604] 0003 0036 00000736
[   71398.947604] 0000 0000 00000000
[   71398.956119] 0003 0035 000003fc
[   71398.956119] 0003 0036 0000071c
[   71398.956119] 0003 0030 0000000a
[   71398.956119] 0003 0031 0000000a
[   71398.956119] 0000 0000 00000000
[   71398.964312] 0003 0035 00000447
[   71398.964312] 0003 0036 00000705
[   71398.964312] 0003 0030 0000000b
[   71398.964312] 0003 0031 0000000b
[   71398.964312] 0000 0000 00000000
[   71398.972749] 0003 0035 0000049c
[   71398.972749] 0003 0036 000006f4
[   71398.972749] 0003 0030 0000000a
[   71398.972749] 0003 0031 0000000a
[   71398.972749] 0000 0000 00000000
[   71398.980991] 0003 0035 000004e2
[   71398.980991] 0003 0036 000006e6
[   71398.980991] 0000 0000 00000000
[   71398.989485] 0003 0035 00000526
[   71398.989485] 0003 0036 000006dd
[   71398.989485] 0000 0000 00000000
[   71398.997644] 0003 0035 00000566
[   71398.997644] 0003 0036 000006d6
[   71398.997644] 0000 0000 00000000
[   71399.006138] 0003 0035 000005a8
[   71399.006138] 0003 0036 000006d5
[   71399.006138] 0000 0000 00000000
[   71399.014292] 0003 0035 000005e1
[   71399.014292] 0003 0036 000006d8
[   71399.014292] 0000 0000 00000000
[   71399.022852] 0003 0035 00000620
[   71399.022852] 0003 0036 000006e2
[   71399.022852] 0000 0000 00000000
[   71399.030961] 0003 0035 0000066a
[   71399.030961] 0003 0036 000006f0
[   71399.030961] 0000 0000 00000000
[   71399.039504] 0003 0035 000006b0
[   71399.039504] 0003 0036 00000706
[   71399.039504] 0000 0000 00000000
[   71399.047658] 0003 0035 000006f9
[   71399.047658] 0003 0036 0000071f
[   71399.047658] 0000 0000 00000000
[   71399.056194] 0003 0035 00000741
[   71399.056194] 0003 0036 0000073e
[   71399.056194] 0000 0000 00000000
[   71399.064328] 0003 0035 0000078e
[   71399.064328] 0003 0036 00000761
[   71399.064328] 0000 0000 00000000
[   71399.072871] 0003 0035 000007d5
[   71399.072871] 0003 0036 00000787
[   71399.072871] 0000 0000 00000000
[   71399.081049] 0003 0035 0000081c
[   71399.081049] 0003 0036 000007ab
[   71399.081049] 0000 0000 00000000
[   71399.089563] 0003 0035 00000860
[   71399.089563] 0003 0036 000007d1
[   71399.089563] 0003 0030 00000009
[   71399.089563] 0003 0031 00000009
[   71399.089563] 0000 0000 00000000
[   71399.097727] 0003 0035 0000089b
[   71399.097727] 0003 0036 000007f6
[   71399.097727] 0003 0030 0000000a
[   71399.097727] 0003 0031 0000000a
[   71399.097727] 0000 0000 00000000
[   71399.106160] 0003 0035 000008d4
[   71399.106160] 0003 0036 0000081b
[   71399.106160] 0000 0000 00000000
[   71399.114496] 0003 0035 00000904
[   71399.114496] 0003 0036 0000083e
[   71399.114496] 0000 0000 00000000
[   71399.122933] 0003 0035 0000092a
[   71399.122933] 0003 0036 0000085e
[   71399.122933] 0000 0000 00000000
[   71399.131062] 0003 0035 00000952
[   71399.131062] 0003 0036 0000087f
[   71399.131062] 0000 0000 00000000
[   71399.139560] 0003 0035 00000973
[   71399.139560] 0003 0036 0000089e
[   71399.139560] 0000 0000 00000000
[   71399.147721] 0003 0035 0000098b
[   71399.147721] 0003 0036 000008be
[   71399.147721] 0000 0000 00000000
[   71399.156316] 0003 0035 000009a1
[   71399.156316] 0003 0036 000008e1
[   71399.156316] 0003 0030 00000009
[   71399.156316] 0003 0031 00000009
[   71399.156316] 0000 0000 00000000
[   71399.164383] 0003 0035 000009b1
[   71399.164383] 0003 0036 00000906
[   71399.164383] 0003 0030 0000000a
[   71399.164383] 0003 0031 0000000a
[   71399.164383] 0000 0000 00000000
[   71399.172914] 0003 0035 000009c3
[   71399.172914] 0003 0036 0000092d
[   71399.172914] 0003 0030 00000009
[   71399.172914] 0003 0031 00000009
[   71399.172914] 0000 0000 00000000
[   71399.181034] 0003 0035 000009d5
[   71399.181034] 0003 0036 00000957
[   71399.181034] 0000 0000 00000000
[   71399.189606] 0003 0035 000009dd
[   71399.189606] 0003 0036 00000983
[   71399.189606] 0000 0000 00000000
[   71399.197727] 0003 0035 000009e5
[   71399.197727] 0003 0036 000009af
[   71399.197727] 0000 0000 00000000
[   71399.206200] 0003 0035 000009e9
[   71399.206200] 0003 0036 000009dc
[   71399.206200] 0000 0000 00000000
[   71399.214383] 0003 0035 000009e8
[   71399.214383] 0003 0036 00000a04
[   71399.214383] 0000 0000 00000000
[   71399.222898] 0003 0035 000009ef
[   71399.222898] 0003 0036 00000a2d
[   71399.222898] 0003 0030 0000000a
[   71399.222898] 0003 0031 0000000a
[   71399.222898] 0000 0000 00000000
[   71399.231086] 0003 0035 00000a00
[   71399.231086] 0003 0036 00000a52
[   71399.231086] 0000 0000 00000000
[   71399.240357] 0003 0039 ffffffff
[   71399.240357] 0001 014a 00000000
[   71399.240357] 0001 0145 00000000
[   71399.240357] 0000 0000 00000000
[   71399.448260] 0003 0039 00003b14
[   71399.448260] 0001 014a 00000001
[   71399.448260] 0001 0145 00000001
[   71399.448260] 0003 0035 00000399
[   71399.448260] 0003 0036 0000092e
[   71399.448260] 0003 0030 00000008
[   71399.448260] 0003 0031 00000008
[   71399.448260] 0000 0000 00000000
[   71399.456634] 0003 0036 0000092f
[   71399.456634] 0000 0000 00000000
[   71399.464668] 0003 0035 0000039e
[   71399.464668] 0003 0036 0000092c
[   71399.464668] 0003 0030 00000009
[   71399.464668] 0003 0031 00000009
[   71399.464668] 0000 0000 00000000
[   71399.473150] 0003 0035 000003a5
[   71399.473150] 0003 0036 00000927
[   71399.473150] 0003 0030 00000008
[   71399.473150] 0003 0031 00000008
[   71399.473150] 0000 0000 00000000
[   71399.481340] 0003 0035 000003b0
[   71399.481340] 0003 0036 0000091f
[   71399.481340] 0003 0030 00000009
[   71399.481340] 0003 0031 00000009
[   71399.481340] 0000 0000 00000000
[   71399.489831] 0003 0035 000003c1
[   71399.489831] 0003 0036 00000914
[   71399.489831] 0000 0000 00000000
[   71399.497990] 0003 0035 000003d9
[   71399.497990] 0003 0036 00000907
[   71399.497990] 0003 0030 00000008
[   71399.497990] 0003 0031 00000008
[   71399.497990] 0000 0000 00000000
[   71399.506467] 0003 0035 00000443
[   71399.506467] 0003 0036 000008ce
[   71399.506467] 0003 0030 00000009
[   71399.506467] 0003 0031 00000009
[   71399.506467] 0000 0000 00000000
[   71399.514671] 0003 0035 000004aa
[   71399.514671] 0003 0036 0000089a
[   71399.514671] 0000 0000 00000000
[   71399.523181] 0003 0035 0000051f
[   71399.523181] 0003 0036 00000868
[   71399.523181] 0000 0000 00000000
[   71399.531406] 0003 0035 00000593
[   71399.531406] 0003 0036 00000837
[   71399.531406] 0000 0000 00000000
[   71399.539979] 0003 0035 000005f9
[   71399.539979] 0003 0036 0000080b
[   71399.539979] 0000 0000 00000000
[   71399.548099] 0003 0035 00000662
[   71399.548099] 0003 0036 000007e4
[   71399.548099] 0000 0000 00000000
[   71399.556576] 0003 0035 000006bc
[   71399.556576] 0003 0036 000007c3
[   71399.556576] 0000 0000 00000000
[   71399.564640] 0003 0035 00000719
[   71399.564640] 0003 0036 000007a2
[   71399.564640] 0000 0000 00000000
[   71399.573316] 0003 0035 00000770
[   71399.573316] 0003 0036 00000783
[   71399.573316] 0000 0000 00000000
[   71399.581385] 0003 0035 000007b8
[   71399.581385] 0003 0036 00000767
[   71399.581385] 0000 0000 00000000
[   71399.590181] 0003 0035 000007ff
[   71399.590181] 0003 0036 0000074d
[   71399.590181] 0000 0000 00000000
[   71399.598206] 0003 0035 0000083a
[   71399.598206] 0003 0036 00000735
[   71399.598206] 0000 0000 00000000
[   71399.606766] 0003 0035 0000087a
[   71399.606766] 0003 0036 00000719
[   71399.606766] 0000 0000 00000000
[   71399.614890] 0003 0035 000008b4
[   71399.614890] 0003 0036 00000703
[   71399.614890] 0000 0000 00000000
[   71399.623289] 0003 0035 000008e4
[   71399.623289] 0003 0036 000006ef
[   71399.623289] 0000 0000 00000000
[   71399.631517] 0003 0035 00000913
[   71399.631517] 0003 0036 000006db
[   71399.631517] 0003 0030 0000000a
[   71399.631517] 0003 0031 0000000a
[   71399.631517] 0000 0000 00000000
[   71399.639966] 0003 0035 0000093e
[   71399.639966] 0003 0036 000006cb
[   71399.639966] 0000 0000 00000000
[   71399.648083] 0003 0035 00000963
[   71399.648083] 0003 0036 000006ba
[   71399.648083] 0000 0000 00000000
[   71399.656593] 0003 0035 00000980
[   71399.656593] 0003 0036 000006ab
[   71399.656593] 0000 0000 00000000
[   71399.664723] 0003 0035 00000998
[   71399.664723] 0003 0036 000006a1
[   71399.664723] 0000 0000 00000000
[   71399.673398] 0003 0035 000009ab
[   71399.673398] 0003 0036 00000699
[   71399.673398] 0003 0030 00000009
[   71399.673398] 0003 0031 00000009
[   71399.673398] 0000 0000 00000000
[   71399.681457] 0003 0035 000009b5
[   71399.681457] 0003 0036 00000692
[   71399.681457] 0003 0030 0000000a
[   71399.681457] 0003 0031 0000000a
[   71399.681457] 0000 0000 00000000
[   71399.689957] 0003 0035 000009be
[   71399.689957] 0003 0036 0000068d
[   71399.689957] 0000 0000 00000000
[   71399.698198] 0003 0035 000009c3
[   71399.698198] 0003 0036 0000068a
[   71399.698198] 0000 0000 00000000
[   71399.706767] 0003 0035 000009c8
[   71399.706767] 0003 0030 00000009
[   71399.706767] 0003 0031 00000009
[   71399.706767] 0000 0000 00000000
[   71399.714995] 0003 0035 000009ca
[   71399.714995] 0003 0036 0000068e
[   71399.714995] 0003 0030 0000000a
[   71399.714995] 0003 0031 0000000a
[   71399.714995] 0000 0000 00000000
[   71399.723791] 0003 0039 ffffffff
[   71399.723791] 0001 014a 00000000
[   71399.723791] 0001 0145 00000000
[   71399.723791] 0000 0000 00000000
[   71399.890402] 0003 0039 00003b15
[   71399.890402] 0001 014a 00000001
[   71399.890402] 0001 0145 00000001
[   71399.890402] 0003 0035 00000be4
[   71399.890402] 0003 0036 000008a8
[   71399.890402] 0000 0000 00000000
[   71399.906832] 0003 0035 00000be0
[   71399.906832] 0000 0000 00000000
[   71399.915027] 0003 0035 00000bd8
[   71399.915027] 0000 0000 00000000
[   71399.923435] 0003 0035 00000bcd
[   71399.923435] 0000 0000 00000000
[   71399.931632] 0003 0035 00000bbe
[   71399.931632] 0000 0000 00000000
[   71399.940263] 0003 0035 00000bac
[   71399.940263] 0003 0036 000008aa
[   71399.940263] 0000 0000 00000000
[   71399.948447] 0003 0035 00000b56
[   71399.948447] 0003 0036 000008af
[   71399.948447] 0003 0030 0000000b
[   71399.948447] 0003 0031 0000000b
[   71399.948447] 0000 0000 00000000
[   71399.956816] 0003 0035 00000b00
[   71399.956816] 0003 0036 000008b3
[   71399.956816] 0003 0030 0000000a
[   71399.956816] 0003 0031 0000000a
[   71399.956816] 0000 0000 00000000
[   71399.964938] 0003 0035 00000aa7
[   71399.964938] 0003 0036 000008b4
[   71399.964938] 0000 0000 00000000
[   71399.973559] 0003 0035 00000a47
[   71399.973559] 0003 0036 000008b5
[   71399.973559] 0003 0030 00000009
[   71399.973559] 0003 0031 00000009
[   71399.973559] 0000 0000 00000000
[   71399.981611] 0003 0035 000009ee
[   71399.981611] 0003 0036 000008b3
[   71399.981611] 0003 0030 0000000a
[   71399.981611] 0003 0031 0000000a
[   71399.981611] 0000 0000 00000000
[   71399.990214] 0003 0035 00000994
[   71399.990214] 0003 0036 000008af
[   71399.990214] 0000 0000 00000000
[   71399.998364] 0003 0035 00000938
[   71399.998364] 0003 0036 000008a9
[   71399.998364] 0003 0030 0000000b
[   71399.998364] 0003 0031 0000000b
[   71399.998364] 0000 0000 00000000
[   71400.006715] 0003 0035 000008d3
[   71400.006715] 0003 0036 000008a4
[   71400.006715] 0003 0030 0000000a
[   71400.006715] 0003 0031 0000000a
[   71400.006715] 0000 0000 00000000
[   71400.014967] 0003 0035 00000877
[   71400.014967] 0003 0036 0000089a
[   71400.014967] 0003 0030 0000000b
[   71400.014967] 0003 0031 0000000b
[   71400.014967] 0000 0000 00000000
[   71400.023629] 0003 0035 00000824
[   71400.023629] 0003 0036 00000891
[   71400.023629] 0003 0030 0000000a
[   71400.023629] 0003 0031 0000000a
[   71400.023629] 0000 0000 00000000
[   71400.031720] 0003 0035 000007c6
[   71400.031720] 0003 0036 00000886
[   71400.031720] 0003 0030 0000000b
[   71400.031720] 0003 0031 0000000b
[   71400.031720] 0000 0000 00000000
[   71400.040244] 0003 0035 00000775
[   71400.040244] 0003 0036 0000087a
[   71400.040244] 0003 0030 0000000a
[   71400.040244] 0003 0031 0000000a
[   71400.040244] 0000 0000 00000000
[   71400.048272] 0003 0035 00000726
[   71400.048272] 0003 0036 00000870
[   71400.048272] 0003 0030 0000000b
[   71400.048272] 0003 0031 0000000b
[   71400.048272] 0000 0000 00000000
[   71400.056867] 0003 0035 000006de
[   71400.056867] 0003 0036 00000865
[   71400.056867] 0000 0000 00000000
[   71400.064894] 0003 0035 0000069b
[   71400.064894] 0003 0036 0000085c
[   71400.064894] 0003 0030 0000000a
[   71400.064894] 0003 0031 0000000a
[   71400.064894] 0000 0000 00000000
[   71400.073365] 0003 0035 00000650
[   71400.073365] 0003 0036 00000851
[   71400.073365] 0000 0000 00000000
[   71400.081812] 0003 0035 0000060d
[   71400.081812] 0003 0036 00000848
[   71400.081812] 0000 0000 00000000
[   71400.090247] 0003 0035 000005d5
[   71400.090247] 0003 0036 0000083e
[   71400.090247] 0000 0000 00000000
[   71400.098368] 0003 0035 0000059d
[   71400.098368] 0003 0036 00000837
[   71400.098368] 0000 0000 00000000
[   71400.106845] 0003 0035 00000569
[   71400.106845] 0003 0036 00000832
[   71400.106845] 0000 0000 00000000
[   71400.115080] 0003 0035 0000053c
[   71400.115080] 0003 0036 0000082d
[   71400.115080] 0003 0030 00000009
[   71400.115080] 0003 0031 00000009
[   71400.115080] 0000 0000 00000000
[   71400.123487] 0003 0035 0000051b
[   71400.123487] 0003 0036 0000082a
[   71400.123487] 0000 0000 00000000
[   71400.131605] 0003 0035 00000501
[   71400.131605] 0003 0030 0000000a
[   71400.131605] 0003 0031 0000000a
[   71400.131605] 0000 0000 00000000
[   71400.140174] 0003 0035 000004f3
[   71400.140174] 0003 0030 00000009
[   71400.140174] 0003 0031 00000009
[   71400.140174] 0000 0000 00000000
[   71400.148300] 0003 0035 000004ea
[   71400.148300] 0003 0036 00000829
[   71400.148300] 0000 0000 00000000
[   71400.156848] 0003 0035 000004e6
[   71400.156848] 0000 0000 00000000
[   71400.165061] 0003 0035 000004e5
[   71400.165061] 0000 0000 00000000
[   71400.182322] 0003 0039 ffffffff
[   71400.182322] 0001 014a 00000000
[   71400.182322] 0001 0145 00000000
[   71400.182322] 0000 0000 00000000
[   71400.340647] 0003 0039 00003b16
[   71400.340647] 0001 014a 00000001
[   71400.340647] 0001 0145 00000001
[   71400.340647] 0003 0035 0000053f
[   71400.340647] 0003 0036 00000843
[   71400.340647] 0003 0030 00000008
[   71400.340647] 0003 0031 00000008
[   71400.340647] 0000 0000 00000000
[   71400.348702] 0003 0035 0000053e
[   71400.348702] 0003 0030 00000009
[   71400.348702] 0003 0031 00000009
[   71400.348702] 0000 0000 00000000
[   71400.356993] 0003 0036 00000844
[   71400.356993] 0000 0000 00000000
[   71400.407085] 0003 0035 0000053f
[   71400.407085] 0003 0036 00000845
[   71400.407085] 0000 0000 00000000
[   71400.415663] 0003 0039 ffffffff
[   71400.415663] 0001 014a 00000000
[   71400.415663] 0001 0145 00000000
[   71400.415663] 0000 0000 00000000
[   71400.607470] 0003 0039 00003b17
[   71400.607470] 0001 014a 00000001
[   71400.607470] 0001 0145 00000001
[   71400.607470] 0003 0035 000007d4
[   71400.607470] 0003 0036 00000888
[   71400.607470] 0003 0030 00000008
[   71400.607470] 0003 0031 00000008
[   71400.607470] 0000 0000 00000000
[   71400.632178] 0003 0036 00000887
[   71400.632178] 0003 0030 0000000a
[   71400.632178] 0003 0031 0000000a
[   71400.632178] 0000 0000 00000000
[   71400.648671] 0003 0035 000007d5
[   71400.648671] 0003 0036 00000886
[   71400.648671] 0000 0000 00000000
[   71400.657221] 0003 0035 000007d8
[   71400.657221] 0003 0036 00000887
[   71400.657221] 0003 0030 00000009
[   71400.657221] 0003 0031 00000009
[   71400.657221] 0000 0000 00000000
[   71400.665886] 0003 0039 ffffffff
[   71400.665886] 0001 014a 00000000
[   71400.665886] 0001 0145 00000000
[   71400.665886] 0000 0000 00000000
[   71400.807582] 0003 0039 00003b18
[   71400.807582] 0001 014a 00000001
[   71400.807582] 0001 0145 00000001
[   71400.807582] 0003 0035 0000087c
[   71400.807582] 0003 0036 00000894
[   71400.807582] 0000 0000 00000000
[   71400.824069] 0003 0036 00000893
[   71400.824069] 0000 0000 00000000
[   71400.857380] 0003 0035 0000087d
[   71400.857380] 0000 0000 00000000
[   71400.865434] 0003 0035 0000087c
[   71400.865434] 0003 0030 0000000a
[   71400.865434] 0003 0031 0000000a
[   71400.865434] 0000 0000 00000000
[   71400.882707] 0003 0039 ffffffff
[   71400.882707] 0001 014a 00000000
[   71400.882707] 0001 0145 00000000
[   71400.882707] 0000 0000 00000000
[   71401.015877] 0003 0039 00003b19
[   71401.015877] 0001 014a 00000001
[   71401.015877] 0001 0145 00000001
[   71401.015877] 0003 0035 0000069e
[   71401.015877] 0003 0036 00000731
[   71401.015877] 0003 0030 00000008
[   71401.015877] 0003 0031 00000008
[   71401.015877] 0000 0000 00000000
[   71401.032876] 0003 0036 0000072e
[   71401.032876] 0003 0030 00000009
[   71401.032876] 0003 0031 00000009
[   71401.032876] 0000 0000 00000000
[   71401.040843] 0003 0035 0000069b
[   71401.040843] 0003 0036 0000072b
[   71401.040843] 0003 0030 00000008
[   71401.040843] 0003 0031 00000008
[   71401.040843] 0000 0000 00000000
[   71401.049003] 0003 0035 00000698
[   71401.049003] 0003 0036 00000728
[   71401.049003] 0000 0000 00000000
[   71401.057511] 0003 0035 00000696
[   71401.057511] 0003 0036 00000724
[   71401.057511] 0003 0030 00000009
[   71401.057511] 0003 0031 00000009
[   71401.057511] 0000 0000 00000000
[   71401.065639] 0003 0035 00000697
[   71401.065639] 0003 0036 00000721
[   71401.065639] 0000 0000 00000000
[   71401.074191] 0003 0035 00000699
[   71401.074191] 0003 0036 0000071e
[   71401.074191] 0000 0000 00000000
[   71401.082293] 0003 0035 0000069f
[   71401.082293] 0003 0036 0000071b
[   71401.082293] 0000 0000 00000000
[   71401.090992] 0003 0035 000006a9
[   71401.090992] 0000 0000 00000000
[   71401.098990] 0003 0035 000006e7
[   71401.098990] 0003 0036 0000071d
[   71401.098990] 0000 0000 00000000
[   71401.107497] 0003 0035 00000742
[   71401.107497] 0003 0036 00000725
[   71401.107497] 0000 0000 00000000
[   71401.115918] 0003 0035 000007ad
[   71401.115918] 0003 0036 00000734
[   71401.115918] 0003 0030 0000000a
[   71401.115918] 0003 0031 0000000a
[   71401.115918] 0000 0000 00000000
[   71401.124128] 0003 0035 00000827
[   71401.124128] 0003 0036 0000074c
[   71401.124128] 0003 0030 00000009
[   71401.124128] 0003 0031 00000009
[   71401.124128] 0000 0000 00000000
[   71401.132471] 0003 0035 00000898
[   71401.132471] 0003 0036 00000765
[   71401.132471] 0003 0030 0000000a
[   71401.132471] 0003 0031 0000000a
[   71401.132471] 0000 0000 00000000
[   71401.140896] 0003 0035 0000090a
[   71401.140896] 0003 0036 00000786
[   71401.140896] 0003 0030 00000009
[   71401.140896] 0003 0031 00000009
[   71401.140896] 0000 0000 00000000
[   71401.148971] 0003 0035 0000096c
[   71401.148971] 0003 0036 000007a4
[   71401.148971] 0000 0000 00000000
[   71401.157475] 0003 0035 000009bd
[   71401.157475] 0003 0036 000007c3
[   71401.157475] 0000 0000 00000000
[   71401.165832] 0003 0035 000009fc
[   71401.165832] 0003 0036 000007e1
[   71401.165832] 0003 0030 0000000a
[   71401.165832] 0003 0031 0000000a
[   71401.165832] 0000 0000 00000000
[   71401.174096] 0003 0035 00000a28
[   71401.174096] 0003 0036 00000802
[   71401.174096] 0003 0030 00000009
[   71401.174096] 0003 0031 00000009
[   71401.174096] 0000 0000 00000000
[   71401.182365] 0003 0035 00000a42
[   71401.182365] 0003 0036 00000822
[   71401.182365] 0003 0030 0000000a
[   71401.182365] 0003 0031 0000000a
[   71401.182365] 0000 0000 00000000
[   71401.190920] 0003 0035 00000a46
[   71401.190920] 0003 0036 00000843
[   71401.190920] 0000 0000 00000000
[   71401.198953] 0003 0035 00000a3c
[   71401.198953] 0003 0036 00000869
[   71401.198953] 0003 0030 00000009
[   71401.198953] 0003 0031 00000009
[   71401.198953] 0000 0000 00000000
[   71401.207486] 0003 0035 00000a20
[   71401.207486] 0003 0036 0000088f
[   71401.207486] 0003 0030 00000008
[   71401.207486] 0003 0031 00000008
[   71401.207486] 0000 0000 00000000
[   71401.215628] 0003 0035 000009f4
[   71401.215628] 0003 0036 000008b5
[   71401.215628] 0000 0000 00000000
[   71401.224134] 0003 0035 000009b8
[   71401.224134] 0003 0036 000008d9
[   71401.224134] 0003 0030 00000009
[   71401.224134] 0003 0031 00000009
[   71401.224134] 0000 0000 00000000
[   71401.232236] 0003 0035 0000096a
[   71401.232236] 0003 0036 000008fc
[   71401.232236] 0000 0000 00000000
[   71401.240786] 0003 0035 0000091c
[   71401.240786] 0003 0036 00000918
[   71401.240786] 0000 0000 00000000
[   71401.248893] 0003 0035 000008c2
[   71401.248893] 0003 0036 0000092d
[   71401.248893] 0003 0030 00000008
[   71401.248893] 0003 0031 00000008
[   71401.248893] 0000 0000 00000000
[   71401.257453] 0003 0035 00000870
[   71401.257453] 0003 0036 0000093b
[   71401.257453] 0003 0030 00000009
[   71401.257453] 0003 0031 00000009
[   71401.257453] 0000 0000 00000000
[   71401.265568] 0003 0035 00000822
[   71401.265568] 0003 0036 00000945
[   71401.265568] 0003 0030 00000008
[   71401.265568] 0003 0031 00000008
[   71401.265568] 0000 0000 00000000
[   71401.274100] 0003 0035 000007d1
[   71401.274100] 0003 0036 00000946
[   71401.274100] 0000 0000 00000000
[   71401.282253] 0003 0035 0000077b
[   71401.282253] 0003 0036 00000941
[   71401.282253] 0003 0030 00000009
[   71401.282253] 0003 0031 00000009
[   71401.282253] 0000 0000 00000000
[   71401.290810] 0003 0035 00000731
[   71401.290810] 0003 0036 00000932
[   71401.290810] 0000 0000 00000000
[   71401.298933] 0003 0035 000006e3
[   71401.298933] 0003 0036 00000915
[   71401.298933] 0003 0030 00000008
[   71401.298933] 0003 0031 00000008
[   71401.298933] 0000 0000 00000000
[   71401.307463] 0003 0035 000006a3
[   71401.307463] 0003 0036 000008f1
[   71401.307463] 0003 0030 00000009
[   71401.307463] 0003 0031 00000009
[   71401.307463] 0000 0000 00000000
[   71401.315639] 0003 0035 00000671
[   71401.315639] 0003 0036 000008ca
[   71401.315639] 0003 0030 00000008
[   71401.315639] 0003 0031 00000008
[   71401.315639] 0000 0000 00000000
[   71401.324135] 0003 0035 00000651
[   71401.324135] 0003 0036 00000897
[   71401.324135] 0003 0030 00000009
[   71401.324135] 0003 0031 00000009
[   71401.324135] 0000 0000 00000000
[   71401.332306] 0003 0035 00000636
[   71401.332306] 0003 0036 00000867
[   71401.332306] 0000 0000 00000000
[   71401.340877] 0003 0035 00000627
[   71401.340877] 0003 0036 00000836
[   71401.340877] 0000 0000 00000000
[   71401.349082] 0003 0035 00000623
[   71401.349082] 0003 0036 00000805
[   71401.349082] 0000 0000 00000000
[   71401.357541] 0003 0035 00000626
[   71401.357541] 0003 0036 000007dc
[   71401.357541] 0000 0000 00000000
[   71401.365636] 0003 0035 00000635
[   71401.365636] 0003 0036 000007b6
[   71401.365636] 0000 0000 00000000
[   71401.374187] 0003 0035 0000064c
[   71401.374187] 0003 0036 00000792
[   71401.374187] 0000 0000 00000000
[   71401.382342] 0003 0035 0000066a
[   71401.382342] 0003 0036 0000077a
[   71401.382342] 0000 0000 00000000
[   71401.390856] 0003 0035 0000068a
[   71401.390856] 0003 0036 00000765
[   71401.390856] 0000 0000 00000000
[   71401.399042] 0003 0035 000006b2
[   71401.399042] 0003 0036 00000756
[   71401.399042] 0000 0000 00000000
[   71401.407522] 0003 0035 000006e9
[   71401.407522] 0003 0036 0000074d
[   71401.407522] 0000 0000 00000000
[   71401.415716] 0003 0035 00000725
[   71401.415716] 0003 0036 00000746
[   71401.415716] 0000 0000 00000000
[   71401.424217] 0003 0035 00000772
[   71401.424217] 0003 0036 00000744
[   71401.424217] 0000 0000 00000000
[   71401.432350] 0003 0035 000007bf
[   71401.432350] 0003 0036 00000746
[   71401.432350] 0000 0000 00000000
[   71401.440939] 0003 0035 00000804
[   71401.440939] 0003 0036 0000074a
[   71401.440939] 0000 0000 00000000
[   71401.449043] 0003 0035 00000841
[   71401.449043] 0003 0036 00000750
[   71401.449043] 0000 0000 00000000
[   71401.457577] 0003 0035 0000086e
[   71401.457577] 0003 0036 00000756
[   71401.457577] 0000 0000 00000000
[   71401.465768] 0003 0035 00000891
[   71401.465768] 0003 0036 0000075a
[   71401.465768] 0000 0000 00000000
[   71401.474247] 0003 0035 000008a1
[   71401.474247] 0003 0036 0000075e
[   71401.474247] 0000 0000 00000000
[   71401.482414] 0003