[   72096.117770] 0003 0039 00003da2
[   72096.117770] 0001 014a 00000001
[   72096.117770] 0001 0145 00000001
[   72096.117770] 0003 0035 000007fd
[   72096.117770] 0003 0036 00000d74
[   72096.117770] 0003 0030 0000000b
[   72096.117770] 0003 0031 0000000b
[   72096.117770] 0000 0000 00000000
[   72096.134052] 0003 0035 000007fc
[   72096.134052] 0003 0036 00000d73
[   72096.134052] 0000 0000 00000000
[   72096.150863] 0003 0035 000007f9
[   72096.150863] 0003 0030 0000000c
[   72096.150863] 0003 0031 0000000c
[   72096.150863] 0000 0000 00000000
[   72096.158942] 0003 0035 000007f7
[   72096.158942] 0000 0000 00000000
[   72096.175682] 0003 0035 000007f1
[   72096.175682] 0003 0036 00000d74
[   72096.175682] 0000 0000 00000000
[   72096.184107] 0003 0035 000007ef
[   72096.184107] 0003 0036 00000d75
[   72096.184107] 0003 0030 0000000d
[   72096.184107] 0003 0031 0000000d
[   72096.184107] 0000 0000 00000000
[   72096.192163] 0003 0035 000007eb
[   72096.192163] 0003 0036 00000d77
[   72096.192163] 0000 0000 00000000
[   72096.200758] 0003 0035 000007e7
[   72096.200758] 0003 0036 00000d78
[   72096.200758] 0003 0030 0000000e
[   72096.200758] 0003 0031 0000000e
[   72096.200758] 0000 0000 00000000
[   72096.208845] 0003 0035 000007d9
[   72096.208845] 0003 0036 00000d80
[   72096.208845] 0000 0000 00000000
[   72096.217351] 0003 0035 000007cd
[   72096.217351] 0003 0036 00000d85
[   72096.217351] 0000 0000 00000000
[   72096.225548] 0003 0035 000007c5
[   72096.225548] 0003 0036 00000d8a
[   72096.225548] 0003 0030 0000000f
[   72096.225548] 0003 0031 0000000f
[   72096.225548] 0000 0000 00000000
[   72096.233980] 0003 0035 000007c1
[   72096.233980] 0003 0036 00000d8e
[   72096.233980] 0000 0000 00000000
[   72096.242192] 0003 0035 000007bf
[   72096.242192] 0003 0036 00000d91
[   72096.242192] 0000 0000 00000000
[   72096.250762] 0003 0035 000007c0
[   72096.250762] 0003 0036 00000d93
[   72096.250762] 0003 0030 0000000e
[   72096.250762] 0003 0031 0000000e
[   72096.250762] 0000 0000 00000000
[   72096.258992] 0003 0035 000007c2
[   72096.258992] 0003 0036 00000d92
[   72096.258992] 0000 0000 00000000
[   72096.267507] 0003 0035 000007c5
[   72096.267507] 0000 0000 00000000
[   72096.275672] 0003 0035 000007cb
[   72096.275672] 0003 0036 00000d90
[   72096.275672] 0003 0030 0000000d
[   72096.275672] 0003 0031 0000000d
[   72096.275672] 0000 0000 00000000
[   72096.284185] 0003 0035 000007d4
[   72096.284185] 0003 0036 00000d8c
[   72096.284185] 0000 0000 00000000
[   72096.292322] 0003 0035 000007e0
[   72096.292322] 0003 0036 00000d88
[   72096.292322] 0003 0030 0000000b
[   72096.292322] 0003 0031 0000000b
[   72096.292322] 0000 0000 00000000
[   72096.300967] 0003 0035 000007e8
[   72096.300967] 0003 0036 00000d84
[   72096.300967] 0000 0000 00000000
[   72096.309523] 0003 0039 ffffffff
[   72096.309523] 0001 014a 00000000
[   72096.309523] 0001 0145 00000000
[   72096.309523] 0000 0000 00000000
[   72097.751737] 0003 0039 00003da3
[   72097.751737] 0001 014a 00000001
[   72097.751737] 0001 0145 00000001
[   72097.751737] 0003 0035 00000e95
[   72097.751737] 0003 0036 00000e74
[   72097.751737] 0003 0030 0000000f
[   72097.751737] 0003 0031 0000000f
[   72097.751737] 0000 0000 00000000
[   72097.759763] 0003 0035 00000e93
[   72097.759763] 0000 0000 00000000
[   72097.768399] 0003 0035 00000e90
[   72097.768399] 0003 0036 00000e75
[   72097.768399] 0000 0000 00000000
[   72097.776462] 0003 0035 00000e8e
[   72097.776462] 0003 0036 00000e77
[   72097.776462] 0003 0030 00000010
[   72097.776462] 0003 0031 00000010
[   72097.776462] 0000 0000 00000000
[   72097.784940] 0003 0035 00000e8b
[   72097.784940] 0003 0036 00000e78
[   72097.784940] 0000 0000 00000000
[   72097.793132] 0003 0035 00000e89
[   72097.793132] 0003 0036 00000e79
[   72097.793132] 0000 0000 00000000
[   72097.801712] 0003 0035 00000e87
[   72097.801712] 0003 0036 00000e7a
[   72097.801712] 0003 0030 0000000f
[   72097.801712] 0003 0031 0000000f
[   72097.801712] 0000 0000 00000000
[   72097.818282] 0003 0035 00000e85
[   72097.818282] 0003 0036 00000e7b
[   72097.818282] 0000 0000 00000000
[   72097.843170] 0003 0035 00000e82
[   72097.843170] 0003 0036 00000e7a
[   72097.843170] 0000 0000 00000000
[   72097.859820] 0003 0035 00000e7e
[   72097.859820] 0003 0036 00000e79
[   72097.859820] 0000 0000 00000000
[   72097.876538] 0003 0035 00000e7c
[   72097.876538] 0003 0036 00000e78
[   72097.876538] 0000 0000 00000000
[   72097.885019] 0003 0035 00000e7b
[   72097.885019] 0003 0036 00000e77
[   72097.885019] 0000 0000 00000000
[   72097.893064] 0003 0036 00000e76
[   72097.893064] 0000 0000 00000000
[   72097.909899] 0003 0035 00000e7e
[   72097.909899] 0003 0036 00000e71
[   72097.909899] 0003 0030 0000000e
[   72097.909899] 0003 0031 0000000e
[   72097.909899] 0000 0000 00000000
[   72097.918232] 0003 0035 00000e88
[   72097.918232] 0003 0036 00000e6d
[   72097.918232] 0003 0030 0000000c
[   72097.918232] 0003 0031 0000000c
[   72097.918232] 0000 0000 00000000
[   72097.926904] 0003 0039 ffffffff
[   72097.926904] 0001 014a 00000000
[   72097.926904] 0001 0145 00000000
[   72097.926904] 0000 0000 00000000
[   72100.019670] 0003 0039 00003da4
[   72100.019670] 0001 014a 00000001
[   72100.019670] 0001 0145 00000001
[   72100.019670] 0003 0035 0000050b
[   72100.019670] 0003 0036 000005a6
[   72100.019670] 0003 0030 0000000a
[   72100.019670] 0003 0031 0000000a
[   72100.019670] 0000 0000 00000000
[   72100.035586] 0003 0036 000005a7
[   72100.035586] 0003 0030 0000000c
[   72100.035586] 0003 0031 0000000c
[   72100.035586] 0000 0000 00000000
[   72100.043730] 0003 0036 000005a9
[   72100.043730] 0000 0000 00000000
[   72100.052291] 0003 0036 000005ac
[   72100.052291] 0000 0000 00000000
[   72100.060533] 0003 0035 0000050c
[   72100.060533] 0003 0036 000005b0
[   72100.060533] 0003 0030 0000000d
[   72100.060533] 0003 0031 0000000d
[   72100.060533] 0000 0000 00000000
[   72100.069033] 0003 0035 0000050b
[   72100.069033] 0003 0036 000005b3
[   72100.069033] 0000 0000 00000000
[   72100.077175] 0003 0036 000005b6
[   72100.077175] 0000 0000 00000000
[   72100.085753] 0003 0035 0000050c
[   72100.085753] 0003 0036 000005b8
[   72100.085753] 0000 0000 00000000
[   72100.093796] 0003 0035 0000050d
[   72100.093796] 0003 0036 000005ba
[   72100.093796] 0000 0000 00000000
[   72100.102285] 0003 0036 000005bb
[   72100.102285] 0000 0000 00000000
[   72100.110564] 0003 0035 0000050e
[   72100.110564] 0003 0036 000005bc
[   72100.110564] 0000 0000 00000000
[   72100.127211] 0003 0035 00000511
[   72100.127211] 0003 0036 000005bd
[   72100.127211] 0003 0030 0000000c
[   72100.127211] 0003 0031 0000000c
[   72100.127211] 0000 0000 00000000
[   72100.143874] 0003 0035 00000514
[   72100.143874] 0003 0030 0000000b
[   72100.143874] 0003 0031 0000000b
[   72100.143874] 0000 0000 00000000
[   72100.160605] 0003 0035 00000518
[   72100.160605] 0003 0036 000005bf
[   72100.160605] 0003 0030 0000000a
[   72100.160605] 0003 0031 0000000a
[   72100.160605] 0000 0000 00000000
[   72100.169545] 0003 0039 ffffffff
[   72100.169545] 0001 014a 00000000
[   72100.169545] 0001 0145 00000000
[   72100.169545] 0000 0000 00000000
[   72101.302541] 0003 0039 00003da5
[   72101.302541] 0001 014a 00000001
[   72101.302541] 0001 0145 00000001
[   72101.302541] 0003 0035 00000ee3
[   72101.302541] 0003 0036 00000ea6
[   72101.302541] 0000 0000 00000000
[   72101.319370] 0003 0036 00000ea4
[   72101.319370] 0000 0000 00000000
[   72101.327299] 0003 0036 00000ea3
[   72101.327299] 0003 0030 00000009
[   72101.327299] 0003 0031 00000009
[   72101.327299] 0000 0000 00000000
[   72101.335609] 0003 0035 00000ee2
[   72101.335609] 0003 0036 00000ea2
[   72101.335609] 0000 0000 00000000
[   72101.343693] 0003 0036 00000ea0
[   72101.343693] 0003 0030 0000000a
[   72101.343693] 0003 0031 0000000a
[   72101.343693] 0000 0000 00000000
[   72101.352376] 0003 0036 00000e9f
[   72101.352376] 0003 0030 00000009
[   72101.352376] 0003 0031 00000009
[   72101.352376] 0000 0000 00000000
[   72101.360549] 0003 0036 00000e9e
[   72101.360549] 0003 0030 0000000a
[   72101.360549] 0003 0031 0000000a
[   72101.36054