[   76322.478964] 0003 0039 000043ee
[   76322.478964] 0001 014a 00000001
[   76322.478964] 0001 0145 00000001
[   76322.478964] 0003 0035 000006ce
[   76322.478964] 0003 0036 00000cc1
[   76322.478964] 0003 0030 00000008
[   76322.478964] 0003 0031 00000008
[   76322.478964] 0000 0000 00000000
[   76322.486216] 0005 0020 00000001
[   76322.486216] 0003 0035 000006d1
[   76322.486216] 0003 0036 00000cbf
[   76322.486216] 0003 0030 00000009
[   76322.486216] 0003 0031 00000009
[   76322.486216] 0000 0000 00000000
[   76322.494384] 0003 0035 000006d5
[   76322.494384] 0003 0036 00000cbb
[   76322.494384] 0003 0030 00000008
[   76322.494384] 0003 0031 00000008
[   76322.494384] 0000 0000 00000000
[   76322.503031] 0005 0020 00000000
[   76322.503031] 0003 0035 000006dc
[   76322.503031] 0003 0036 00000cb1
[   76322.503031] 0003 0030 00000009
[   76322.503031] 0003 0031 00000009
[   76322.503031] 0000 0000 00000000
[   76322.511066] 0003 0035 000006ea
[   76322.511066] 0003 0036 00000c92
[   76322.511066] 0003 0030 00000008
[   76322.511066] 0003 0031 00000008
[   76322.511066] 0000 0000 00000000
[   76322.519491] 0003 0035 000006fa
[   76322.519491] 0003 0036 00000c45
[   76322.519491] 0003 0030 00000009
[   76322.519491] 0003 0031 00000009
[   76322.519491] 0000 0000 00000000
[   76322.527640] 0003 0035 0000070f
[   76322.527640] 0003 0036 00000bbe
[   76322.527640] 0003 0030 00000008
[   76322.527640] 0003 0031 00000008
[   76322.527640] 0000 0000 00000000
[   76322.536274] 0003 0035 0000071e
[   76322.536274] 0003 0036 00000b09
[   76322.536274] 0000 0000 00000000
[   76322.544401] 0003 0035 00000720
[   76322.544401] 0003 0036 00000a25
[   76322.544401] 0000 0000 00000000
[   76322.552895] 0003 0035 00000703
[   76322.552895] 0003 0036 00000900
[   76322.552895] 0000 0000 00000000
[   76322.561174] 0003 0035 000006a7
[   76322.561174] 0003 0036 00000794
[   76322.561174] 0003 0030 00000009
[   76322.561174] 0003 0031 00000009
[   76322.561174] 0000 0000 00000000
[   76322.569599] 0003 0035 00000618
[   76322.569599] 0003 0036 000005fc
[   76322.569599] 0003 0030 0000000a
[   76322.569599] 0003 0031 0000000a
[   76322.569599] 0000 0000 00000000
[   76322.577735] 0003 0035 0000056f
[   76322.577735] 0003 0036 00000414
[   76322.577735] 0000 0000 00000000
[   76322.586866] 0003 0039 ffffffff
[   76322.586866] 0001 014a 00000000
[   76322.586866] 0001 0145 00000000
[   76322.586866] 0000 0000 00000000
[   76325.739351] 0003 0039 000043ef
[   76325.739351] 0001 014a 00000001
[   76325.739351] 0001 0145 00000001
[   76325.739351] 0003 0035 00000732
[   76325.739351] 0003 0036 00000666
[   76325.739351] 0003 0030 00000009
[   76325.739351] 0003 0031 00000009
[   76325.739351] 0000 0000 00000000
[   76325.754495] 0005 0020 00000001
[   76325.754495] 0003 0035 00000735
[   76325.754495] 0003 0036 00000665
[   76325.754495] 0000 0000 00000000
[   76325.762613] 0003 0035 00000738
[   76325.762613] 0003 0036 00000664
[   76325.762613] 0003 0030 00000008
[   76325.762613] 0003 0031 00000008
[   76325.762613] 0000 0000 00000000
[   76325.771071] 0003 0035 0000073c
[   76325.771071] 0003 0036 00000662
[   76325.771071] 0000 0000 00000000
[   76325.779270] 0003 0035 0000073f
[   76325.779270] 0003 0036 0000065f
[   76325.779270] 0000 0000 00000000
[   76325.787749] 0003 0035 00000744
[   76325.787749] 0003 0036 0000065d
[   76325.787749] 0003 0030 00000009
[   76325.787749] 0003 0031 00000009
[   76325.787749] 0000 0000 00000000
[   76325.796074] 0003 0035 0000074b
[   76325.796074] 0003 0036 0000065a
[   76325.796074] 0003 0030 00000008
[   76325.796074] 0003 0031 00000008
[   76325.796074] 0000 0000 00000000
[   76325.804434] 0003 0035 00000751
[   76325.804434] 0003 0036 00000657
[   76325.804434] 0000 0000 00000000
[   76325.812625] 0003 0035 00000759
[   76325.812625] 0003 0036 00000654
[   76325.812625] 0003 0030 00000009
[   76325.812625] 0003 0031 00000009
[   76325.812625] 0000 0000 00000000
[   76325.821118] 0003 0035 00000762
[   76325.821118] 0003 0036 00000652
[   76325.821118] 0000 0000 00000000
[   76325.829299] 0003 0035 00000782
[   76325.829299] 0003 0036 0000064a
[   76325.829299] 0003 0030 00000008
[   76325.829299] 0003 0031 00000008
[   76325.829299] 0000 0000 00000000
[   76325.837774] 0003 0035 0000079d
[   76325.837774] 0003 0036 00000644
[   76325.837774] 0003 0030 00000009
[   76325.837774] 0003 0031 00000009
[   76325.837774] 0000 0000 00000000
[   76325.845980] 0003 0035 000007b5
[   76325.845980] 0003 0036 00000641
[   76325.845980] 0000 0000 00000000
[   76325.854437] 0003 0035 000007cc
[   76325.854437] 0003 0036 00000640
[   76325.854437] 0000 0000 00000000
[   76325.862634] 0003 0035 000007e4
[   76325.862634] 0003 0036 00000641
[   76325.862634] 0003 0030 00000008
[   76325.862634] 0003 0031 00000008
[   76325.862634] 0000 0000 00000000
[   76325.871185] 0003 0035 000007fe
[   76325.871185] 0003 0036 00000645
[   76325.871185] 0000 0000 00000000
[   76325.879304] 0003 0035 00000812
[   76325.879304] 0003 0036 00000648
[   76325.879304] 0003 0030 0000000a
[   76325.879304] 0003 0031 0000000a
[   76325.879304] 0000 0000 00000000
[   76325.887798] 0003 0035 00000828
[   76325.887798] 0003 0036 0000064c
[   76325.887798] 0003 0030 00000009
[   76325.887798] 0003 0031 00000009
[   76325.887798] 0000 0000 00000000
[   76325.896045] 0003 0035 00000840
[   76325.896045] 0003 0036 00000651
[   76325.896045] 0003 0030 00000008
[   76325.896045] 0003 0031 00000008
[   76325.896045] 0000 0000 00000000
[   76325.904455] 0003 0035 0000084d
[   76325.904455] 0003 0036 00000656
[   76325.904455] 0003 0030 00000009
[   76325.904455] 0003 0031 00000009
[   76325.904455] 0000 0000 00000000
[   76325.912650] 0003 0035 0000085b
[   76325.912650] 0003 0036 0000065b
[   76325.912650] 0003 0030 00000008
[   76325.912650] 0003 0031 00000008
[   76325.912650] 0000 0000 00000000
[   76325.921135] 0003 0035 00000862
[   76325.921135] 0003 0036 00000661
[   76325.921135] 0003 0030 00000009
[   76325.921135] 0003 0031 00000009
[   76325.921135] 0000 0000 00000000
[   76325.929359] 0003 0035 00000867
[   76325.929359] 0003 0036 00000667
[   76325.929359] 0003 0030 00000008
[   76325.929359] 0003 0031 00000008
[   76325.929359] 0000 0000 00000000
[   76325.937826] 0003 0035 0000086b
[   76325.937826] 0003 0036 00000670
[   76325.937826] 0000 0000 00000000
[   76325.946062] 0003 0035 0000086e
[   76325.946062] 0003 0036 00000679
[   76325.946062] 0003 0030 00000009
[   76325.946062] 0003 0031 00000009
[   76325.946062] 0000 0000 00000000
[   76325.954656] 0005 0020 00000000
[   76325.954656] 0003 0035 0000086a
[   76325.954656] 0003 0036 00000682
[   76325.954656] 0003 0030 00000008
[   76325.954656] 0003 0031 00000008
[   76325.954656] 0000 0000 00000000
[   76325.962658] 0003 0035 00000866
[   76325.962658] 0003 0036 0000068b
[   76325.962658] 0000 0000 00000000
[   76325.971202] 0003 0035 0000085c
[   76325.971202] 0003 0036 00000691
[   76325.971202] 0000 0000 00000000
[   76325.979367] 0003 0035 0000084c
[   76325.979367] 0003 0036 00000697
[   76325.979367] 0000 0000 00000000
[   76325.987855] 0003 0035 00000839
[   76325.987855] 0003 0036 0000069d
[   76325.987855] 0000 0000 00000000
[   76325.996054] 0003 0035 0000082a
[   76325.996054] 0003 0036 000006a2
[   76325.996054] 0000 0000 00000000
[   76326.004532] 0003 0035 00000819
[   76326.004532] 0003 0036 000006a4
[   76326.004532] 0000 0000 00000000
[   76326.012726] 0003 0035 00000807
[   76326.012726] 0003 0036 000006a5
[   76326.012726] 0000 0000 00000000
[   76326.021189] 0003 0035 000007f7
[   76326.021189] 0003 0036 000006a4
[   76326.021189] 0003 0030 00000009
[   76326.021189] 0003 0031 00000009
[   76326.021189] 0000 0000 00000000
[   76326.029358] 0003 0035 000007e6
[   76326.029358] 0000 0000 00000000
[   76326.037852] 0003 0035 000007d8
[   76326.037852] 0000 0000 00000000
[   76326.046024] 0003 0035 000007ce
[   76326.046024] 0000 0000 00000000
[   76326.054614] 0003 0035 000007c5
[   76326.054614] 0000 0000 00000000
[   76326.062743] 0003 0035 000007bd
[   76326.062743] 0003 0036 000006a6
[   76326.062743] 0003 0030 00000008
[   76326.062743] 0003 0031 00000008
[   76326.06274