[   76073.975376] 0003 0035 00000889
[   76073.975376] 0003 0036 00000d7a
[   76073.975376] 0003 0030 00000007
[   76073.975376] 0003 0031 00000007
[   76073.975376] 0000 0000 00000000
[   76073.981037] 0005 0020 00000001
[   76073.981037] 0003 0035 0000088b
[   76073.981037] 0003 0036 00000d7b
[   76073.981037] 0003 0030 00000008
[   76073.981037] 0003 0031 00000008
[   76073.981037] 0000 0000 00000000
[   76073.997660] 0003 0035 0000088a
[   76073.997660] 0000 0000 00000000
[   76074.006188] 0003 0036 00000d7a
[   76074.006188] 0000 0000 00000000
[   76074.031051] 0003 0035 00000888
[   76074.031051] 0003 0036 00000d78
[   76074.031051] 0000 0000 00000000
[   76074.039680] 0005 0020 00000000
[   76074.039680] 0003 0035 00000886
[   76074.039680] 0003 0036 00000d76
[   76074.039680] 0003 0030 00000009
[   76074.039680] 0003 0031 00000009
[   76074.039680] 0000 0000 00000000
[   76074.047678] 0003 0035 00000884
[   76074.047678] 0003 0036 00000d74
[   76074.047678] 0003 0030 00000008
[   76074.047678] 0003 0031 00000008
[   76074.047678] 0000 0000 00000000
[   76074.056220] 0003 0035 00000881
[   76074.056220] 0003 0036 00000d70
[   76074.056220] 0003 0030 00000009
[   76074.056220] 0003 0031 00000009
[   76074.056220] 0000 0000 00000000
[   76074.064346] 0003 0035 0000087e
[   76074.064346] 0003 0036 00000d6d
[   76074.064346] 0000 0000 00000000
[   76074.072860] 0003 0035 0000087b
[   76074.072860] 0003 0036 00000d68
[   76074.072860] 0000 0000 00000000
[   76074.081019] 0003 0035 0000086e
[   76074.081019] 0003 0036 00000d56
[   76074.081019] 0000 0000 00000000
[   76074.089572] 0003 0035 00000864
[   76074.089572] 0003 0036 00000d46
[   76074.089572] 0003 0030 0000000a
[   76074.089572] 0003 0031 0000000a
[   76074.089572] 0000 0000 00000000
[   76074.097730] 0003 0035 0000085f
[   76074.097730] 0003 0036 00000d36
[   76074.097730] 0000 0000 00000000
[   76074.106235] 0003 0035 0000085a
[   76074.106235] 0003 0036 00000d27
[   76074.106235] 0003 0030 00000009
[   76074.106235] 0003 0031 00000009
[   76074.106235] 0000 0000 00000000
[   76074.114349] 0003 0035 00000854
[   76074.114349] 0003 0036 00000d15
[   76074.114349] 0000 0000 00000000
[   76074.122915] 0003 0035 00000851
[   76074.122915] 0003 0036 00000d01
[   76074.122915] 0000 0000 00000000
[   76074.130997] 0003 0035 0000084c
[   76074.130997] 0003 0036 00000cea
[   76074.130997] 0003 0030 0000000a
[   76074.130997] 0003 0031 0000000a
[   76074.130997] 0000 0000 00000000
[   76074.139583] 0003 0035 00000849
[   76074.139583] 0003 0036 00000cd1
[   76074.139583] 0000 0000 00000000
[   76074.147671] 0003 0036 00000cb9
[   76074.147671] 0003 0030 00000009
[   76074.147671] 0003 0031 00000009
[   76074.147671] 0000 0000 00000000
[   76074.156256] 0003 0036 00000c9d
[   76074.156256] 0003 0030 0000000a
[   76074.156256] 0003 0031 0000000a
[   76074.156256] 0000 0000 00000000
[   76074.164342] 0003 0035 0000084d
[   76074.164342] 0003 0036 00000c7a
[   76074.164342] 0003 0030 00000009
[   76074.164342] 0003 0031 00000009
[   76074.164342] 0000 0000 00000000
[   76074.172976] 0003 0035 00000851
[   76074.172976] 0003 0036 00000c54
[   76074.172976] 0000 0000 00000000
[   76074.181045] 0003 0035 00000854
[   76074.181045] 0003 0036 00000c2a
[   76074.181045] 0003 0030 0000000a
[   76074.181045] 0003 0031 0000000a
[   76074.181045] 0000 0000 00000000
[   76074.189619] 0003 0035 00000858
[   76074.189619] 0003 0036 00000bf5
[   76074.189619] 0000 0000 00000000
[   76074.197815] 0003 0035 0000085b
[   76074.197815] 0003 0036 00000bc8
[   76074.197815] 0003 0030 00000009
[   76074.197815] 0003 0031 00000009
[   76074.197815] 0000 0000 00000000
[   76074.206323] 0003 0035 00000858
[   76074.206323] 0003 0036 00000b9a
[   76074.206323] 0000 0000 00000000
[   76074.214391] 0003 0035 00000857
[   76074.214391] 0003 0036 00000b69
[   76074.214391] 0000 0000 00000000
[   76074.222966] 0003 0036 00000b3a
[   76074.222966] 0000 0000 00000000
[   76074.231095] 0003 0035 00000850
[   76074.231095] 0003 0036 00000b08
[   76074.231095] 0000 0000 00000000
[   76074.239610] 0003 0035 0000084d
[   76074.239610] 0003 0036 00000ad6
[   76074.239610] 0000 0000 00000000
[   76074.247779] 0003 0035 00000847
[   76074.247779] 0003 0036 00000aa1
[   76074.247779] 0000 0000 00000000
[   76074.256283] 0003 0035 00000840
[   76074.256283] 0003 0036 00000a6e
[   76074.256283] 0000 0000 00000000
[   76074.264436] 0003 0035 00000837
[   76074.264436] 0003 0036 00000a3d
[   76074.264436] 0003 0030 0000000a
[   76074.264436] 0003 0031 0000000a
[   76074.264436] 0000 0000 00000000
[   76074.273005] 0003 0035 00000835
[   76074.273005] 0003 0036 00000a07
[   76074.273005] 0003 0030 00000009
[   76074.273005] 0003 0031 00000009
[   76074.273005] 0000 0000 00000000
[   76074.281114] 0003 0035 0000082d
[   76074.281114] 0003 0036 000009d4
[   76074.281114] 0000 0000 00000000
[   76074.289680] 0003 0035 00000828
[   76074.289680] 0003 0036 000009a0
[   76074.289680] 0000 0000 00000000
[   76074.297762] 0003 0035 00000826
[   76074.297762] 0003 0036 0000096b
[   76074.297762] 0000 0000 00000000
[   76074.306289] 0003 0035 00000822
[   76074.306289] 0003 0036 00000937
[   76074.306289] 0000 0000 00000000
[   76074.314422] 0003 0035 0000081c
[   76074.314422] 0003 0036 000008fe
[   76074.314422] 0000 0000 00000000
[   76074.323020] 0003 0035 00000817
[   76074.323020] 0003 0036 000008c7
[   76074.323020] 0003 0030 0000000a
[   76074.323020] 0003 0031 0000000a
[   76074.323020] 0000 0000 00000000
[   76074.331095] 0003 0035 0000080f
[   76074.331095] 0003 0036 0000088a
[   76074.331095] 0003 0030 00000009
[   76074.331095] 0003 0031 00000009
[   76074.331095] 0000 0000 00000000
[   76074.339650] 0003 0035 00000805
[   76074.339650] 0003 0036 0000084d
[   76074.339650] 0003 0030 0000000a
[   76074.339650] 0003 0031 0000000a
[   76074.339650] 0000 0000 00000000
[   76074.347772] 0003 0035 000007f9
[   76074.347772] 0003 0036 0000080e
[   76074.347772] 0003 0030 00000009
[   76074.347772] 0003 0031 00000009
[   76074.347772] 0000 0000 00000000
[   76074.356331] 0003 0035 000007ec
[   76074.356331] 0003 0036 000007d2
[   76074.356331] 0000 0000 00000000
[   76074.364514] 0003 0035 000007db
[   76074.364514] 0003 0036 00000794
[   76074.364514] 0003 0030 0000000a
[   76074.364514] 0003 0031 0000000a
[   76074.364514] 0000 0000 00000000
[   76074.373011] 0003 0035 000007ca
[   76074.373011] 0003 0036 00000759
[   76074.373011] 0003 0030 00000009
[   76074.373011] 0003 0031 00000009
[   76074.373011] 0000 0000 00000000
[   76074.381147] 0003 0035 000007bb
[   76074.381147] 0003 0036 00000718
[   76074.381147] 0003 0030 0000000a
[   76074.381147] 0003 0031 0000000a
[   76074.381147] 0000 0000 00000000
[   76074.389672] 0003 0035 000007ac
[   76074.389672] 0003 0036 000006de
[   76074.389672] 0000 0000 00000000
[   76074.397832] 0003 0035 0000079d
[   76074.397832] 0003 0036 0000069f
[   76074.397832] 0003 0030 0000000b
[   76074.397832] 0003 0031 0000000b
[   76074.397832] 0000 0000 00000000
[   76074.406358] 0003 0035 0000078c
[   76074.406358] 0003 0036 00000667
[   76074.406358] 0003 0030 0000000a
[   76074.406358] 0003 0031 0000000a
[   76074.406358] 0000 0000 00000000
[   76074.414482] 0003 0035 00000782
[   76074.414482] 0003 0036 0000062a
[   76074.414482] 0000 0000 00000000
[   76074.423020] 0003 0035 00000779
[   76074.423020] 0003 0036 000005f0
[   76074.423020] 0003 0030 00000009
[   76074.423020] 0003 0031 00000009
[   76074.423020] 0000 0000 00000000
[   76074.431116] 0003 0035 00000775
[   76074.431116] 0003 0036 000005b7
[   76074.431116] 0000 0000 00000000
[   76074.439702] 0003 0035 00000771
[   76074.439702] 0003 0036 0000057e
[   76074.439702] 0003 0030 0000000a
[   76074.439702] 0003 0031 0000000a
[   76074.439702] 0000 0000 00000000
[   76074.447859] 0003 0035 0000076b
[   76074.447859] 0003 0036 00000545
[   76074.447859] 0000 0000 00000000
[   76074.456366] 0003 0035 00000766
[   76074.456366] 0003 0036 0000050d
[   76074.456366] 0000 0000 00000000
[   76074.464515] 0003 0035 0000075b
[   76074.464515] 0003 0036 000004db
[   76074.464515] 0000 0000 00000000
[   76074.473036] 0003 0035 0000074f
[   76074.47303